 1022 2040
 -0.0181736048  0.0457981823  1.35068467
 -0.295462753  0.32308733  1.35068467
 -0.295462753  0.162721069  1.36647937
 -0.219248508  0.0260852512  1.37243038
  0.0123184847 -0.205481741  1.37243038
  0.0151400989 -0.205481741  1.37215247
 -0.342501539  0.5106755  1.32757594
 -0.398735034  0.454442005  1.32757594
 -0.422069502  0.278433851  1.34261298
 -0.190334885 -0.192005567  1.35379805
  0.0123184847 -0.394658937  1.35379805
  0.056447427 -0.570642805  1.33211883
  0.0887599559 -0.60599745  1.3254542
  0.262865747 -0.431891659  1.3254542
  0.17889585  0.397031393  1.24677175
  0.0898987134  0.433098387  1.2692369
  0.330194524 -0.464139155  1.30908214
  0.53560437 -0.464139155  1.24677175
 -0.188423031  0.711420132  1.2692369
 -0.342501539  0.668426038  1.30163903
 -0.353980074  1.11994052  1.16611589
 -0.498474686  1.17979215  1.16611589
 -0.498474686  1.06748602  1.20018359
 -0.468053216  0.93056239  1.23789645
 -0.651913402  1.54121264  1.03720056
 -0.652228856  1.54108197  1.03720056
 -0.622691928  1.37498599  1.09129655
 -0.478569929  0.740547382  1.26740906
 -0.507492701  0.670721633  1.26740906
 -0.532178751  0.34596099  1.3007269
 -0.453636543  0.278433851  1.33303722
 -0.433846901  0.0180885577  1.30632788
 -0.25332263 -0.417735587  1.30632788
 -0.240277109 -0.653440873  1.26971878
 -0.259776068 -0.701710575  1.25262628
 -0.258541743 -0.704756335  1.25185745
  0.199208291 -0.894362607  1.25185745
  0.199208291 -0.836599895  1.26937958
  0.228135571 -0.962499984  1.22755348
  0.362015609 -1.11821861  1.16349468
  0.565124156 -1.0340883  1.16349468
  0.554795632 -1.00852002  1.17254852
  0.453962033 -0.907686424  1.21580583
  0.743050196 -0.554033304  1.17254852
  0.73885828 -0.550429279  1.17427297
  0.873423638 -0.595152137  1.10875157
  1.41514399 -0.595152137  0.819196012
  1.43839576 -0.581701378  0.804841239
  1.28586879 -0.0124629719  0.804841239
  0.991200546  0.161543496  0.937423173
  0.744166784  0.403182967  1.00102016
  0.697374599  0.414730373  1.01920166
 -0.342554003  1.45465897  1.01920166
 -0.36030581  1.52659252  0.99125127
 -0.478014425  1.64692883  0.96027159
 -0.651913402  1.58529437  1.01812203
 -0.609243318  1.86915613  0.860283465
 -0.731193142  1.90183249  0.860283465
 -0.731193142  1.8366627  0.895117443
 -0.797742221  2.01687314  0.789261678
 -0.807736971  2.01419505  0.789261678
 -0.806062348  1.98073025  0.807388829
 -0.752642093  1.84426479  0.887982086
 -0.75006049  1.76863861  0.921175841
 -0.864679604  1.922113  0.807388829
 -0.640858028  1.04700613  1.14223165
 -0.717020375  0.76276438  1.14223165
 -0.746181462  0.34596099  1.18634007
 -0.821094821  0.276009182  1.13627942
 -0.808974579  0.10277291  1.11794661
 -0.634550295 -0.548187377  1.11794661
 -0.625355759 -0.714190137  1.09216647
 -0.705121232 -0.820995683  1.01298007
 -0.360682019 -1.1654349  1.01298007
 -0.32680627 -1.1731019  1.02410386
 -0.273161743 -1.13303861  1.06387629
 -0.25575242 -1.13400288  1.06657995
  0.399482739 -1.30957261  1.06657995
  0.399482739 -1.23701378  1.10536345
  0.410216546 -1.3281277  1.05512473
  0.594099855 -1.52505351  0.923529594
  0.745648111 -1.48444627  0.923529594
  0.688950654 -1.33960898  1.00906705
  0.682529065 -1.15149321  1.09163461
  0.796554401 -1.52246456  0.885787306
  1.1319593 -1.18705966  0.885787306
  1.07535863 -1.16490298  0.919214312
  1.15039613 -1.18798227  0.875800477
  1.27620164 -1.11369203  0.819196012
  1.63473044 -0.581316455  0.661321779
  2.01308591 -0.581316455  0.350813473
  1.9700548 -0.364984446  0.350813473
  1.94537525 -0.336757468  0.366459597
  1.77260138 -0.199501605  0.485845364
  1.63319616 -0.581701378  0.662518098
  1.67530254 -0.0937080234  0.53622205
  1.51536844 -0.0220446799  0.639042251
  0.91196896  0.881006457  0.639042251
  0.789331688  0.935272852  0.703235406
  0.154328756  1.57027578  0.703235406
  0.123310693  1.64037387  0.666543318
 -0.619710671  2.13684488  0.666543318
 -0.620311552  2.13426083  0.668762083
 -0.797742221  2.07019173  0.750306574
 -0.628349288  2.17693329  0.635053802
 -0.633220315  2.1830648  0.630816961
 -0.787871652  2.21382687  0.630816961
 -0.787993324  2.21371792  0.630926238
 -0.806887465  2.18964653  0.653765453
 -0.806887465  2.10664425  0.721883664
 -0.87644079  2.17581151  0.653765453
 -0.865258194  2.12772155  0.695057347
 -0.866350322  2.10156306  0.713955204
 -0.898579607  2.19166226  0.630992213
 -0.949919474  2.15735806  0.630992213
 -0.89670068  2.10413926  0.696969589
 -0.882250495  1.93390093  0.792243676
 -0.979289412  2.16642806  0.604661505
 -1.05239235  2.05702178  0.604661505
 -0.96186168  1.93057713  0.734729628
 -0.990856699  1.52111693  0.79370412
 -1.15987667  0.671396168  0.79370412
 -1.18944321  0.276009182  0.833983704
 -1.33365626  0.114959622  0.689340879
 -1.31545942 -0.128382721  0.664550664
 -1.16520548 -0.88376026  0.664550664
 -1.15905136 -0.970667267  0.65203346
 -0.941742655 -0.979739998  0.809025261
 -1.25740718 -1.10804135  0.510722709
 -1.15256165 -1.26495377  0.510722709
 -0.960928883 -1.20577387  0.682525132
 -0.928478782 -1.21363067  0.695211917
 -0.613436952 -1.4241349  0.695211917
 -0.313479283 -1.49230792  0.793497679
 -0.265576768 -1.53636408  0.770687506
 -0.182715499 -1.54223172  0.782622002
  0.587926464 -1.69552194  0.782622002
  0.623170677 -1.69815746  0.786212465
  0.623170677 -1.64092846  0.833179093
  0.840510028 -1.89277562  0.591014305
  0.952241416 -1.87055086  0.591014305
  0.924115596 -1.74959777  0.694869293
  0.925569576 -1.71477226  0.720028518
  1.05679399 -1.94540745  0.483465612
  1.26488373 -1.80636632  0.483465612
  1.26455652 -1.80530678  0.48441551
  1.1970673 -1.73781756  0.568084485
  1.7396062 -1.0943447  0.48441551
  1.80734789 -1.06399097  0.440864988
  1.81458392 -1.06243169  0.435181078
  1.97767924 -0.932864701  0.322483131
  2.04294467 -0.604753227  0.322483131
  2.08525692 -0.613486349  0.272955838
  2.13558858 -0.613486349  0.211626535
  2.12956471 -0.575453142  0.211626535
  2.08145239 -0.497749363  0.255255356
  2.0466083 -0.604753227  0.318363893
  2.07418123 -0.484859539  0.260547955
  1.99975945 -0.386301624  0.322182361
  1.7840062 -0.0200528929  0.366459597
  1.6933652  0.109471228  0.395070298
  1.63619803  0.20295445  0.390210255
  1.0349899  0.872973992  0.531080017
  0.997298444  0.957584708  0.487027699
  0.109954607  1.84492855  0.487027699
  0.0769304642  1.91473915  0.443216017
 -0.247803123  2.20612241  0.374941676
 -0.260821894  2.20960652  0.379726866
 -0.502274608  2.33263283  0.379726866
 -0.574151587  2.35059801  0.401386992
 -0.640197924  2.31534291  0.48138195
 -0.64385096  2.29006779  0.512884774
 -0.780714651  2.24550033  0.593603983
 -0.724187751  2.32864559  0.48138195
 -0.725418609  2.32874618  0.481496929
 -0.75962955  2.30570884  0.516170436
 -0.780714651  2.28705197  0.542973154
 -0.908402139  2.26682826  0.542973154
 -0.906293764  2.25224055  0.561155228
 -0.910147014  2.21345559  0.60390166
 -0.937382251  2.28229766  0.507872602
 -0.944896174  2.2804196  0.505608282
 -1.04138571  2.23125573  0.505608282
 -1.03723009  2.22475329  0.515615089
 -1.03725366  2.22439231  0.515931882
 -1.17429405  2.26895952  0.345421201
 -1.1998951  2.24335848  0.345421201
 -1.15789274  2.21651537  0.410059948
 -1.14823625  2.10789356  0.48552119
 -1.3086104  2.23790556  0.222438495
 -1.31925621  2.23042226  0.214506174
 -1.39413533  2.08346372  0.214506174
 -1.41527195  2.06829528  0.194133431
 -1.43423757  2.04317882  0.178426548
 -1.47008748  1.62403278  0.231859904
 -1.60726058  0.757955903  0.231859904
 -1.65980746  0.114959622  0.291924483
 -1.71217418  0.037193908  0.213107297
 -1.68246374 -0.326361442  0.179146293
 -1.58346553 -0.951411531  0.179146293
 -1.57086479 -1.09873548  0.160365218
 -1.5538354 -1.12128777  0.174468565
 -1.52053492 -1.14518545  0.206565561
 -1.35784035 -1.161349  0.385877619
 -1.48217024 -1.22048037  0.206565561
 -1.41524243 -1.26752621  0.25643429
 -1.36749244 -1.26992124  0.310450817
 -1.34685001 -1.27968621  0.323405573
 -1.17829935 -1.29069147  0.471324352
 -1.3028074 -1.32372882  0.323405573
 -1.18427272 -1.37653234  0.3851203
 -1.17290506 -1.37330753  0.398821121
 -0.89083561 -1.44879567  0.502498801
 -0.613416704 -1.59014766  0.502498801
 -0.251239973 -1.6806714  0.61164075
 -0.0803748853 -1.80969285  0.504788163
  0.00925771633 -1.84798547  0.48177976
  0.0967424877 -1.85546811  0.492932448
  0.727728063 -1.95540641  0.492932448
  0.850314849 -1.96542444  0.504383717
  0.850314849 -1.93616706  0.540033928
  1.09400935 -2.01552226  0.396308249
  0.996046366 -2.0635587  0.356681758
  1.02355002 -2.06131104  0.354112544
  1.10246582 -2.04881201  0.354112544
  1.09857611 -2.0218993  0.387656454
  1.18159125 -2.09104865  0.258276265
  1.20031097 -2.09287911  0.245078356
  1.22533535 -2.08662443  0.237537259
  1.28449963 -2.05647872  0.237537259
  1.27226873 -2.0373406  0.266989514
  1.28597286 -1.82745546  0.451183116
  1.36326032 -2.07882176  0.142611362
  1.36990563 -2.07809909  0.137050612
  1.4392739 -2.04719768  0.100934233
  1.68507488 -1.8013967  0.100934233
  1.73675731 -1.77694815  0.0684994176
  1.86536289 -1.63362298  0.0383656964
  1.86765924 -1.6320088  0.036654662
  2.16891261 -1.04076577  0.036654662
  2.19864432 -0.921812085  0.072501351
  2.19459901 -0.914233661  0.0816802962
  2.182627 -0.912503336  0.0966021662
  2.21135077 -0.808467153  0.0816802962
  2.21420863 -0.773496636  0.0849470171
  2.21012902 -0.758476658  0.0928167697
  2.19009446 -0.696302793  0.129228013
  2.18071551 -0.675225107  0.144724128
  2.15045521 -0.630287903  0.190268929
  2.16132063 -0.628998066  0.169623455
  2.15381292 -0.617110584  0.180741465
  2.13180433 -0.578037562  0.208423838
  2.0522469 -0.431905389  0.260547955
  2.001799 -0.341480972  0.284383135
  1.95746285 -0.259133765  0.287996628
  1.922102 -0.205863613  0.300484062
  1.62106786  0.234756131  0.375211403
  0.984756752  1.06401291  0.375211403
  0.963840873  1.10438969  0.352033999
  0.897783634  1.18722046  0.332057176
  0.182732896  1.9022712  0.332057176
  0.125818734  1.98067737  0.275869785
 -0.263152593  2.27914557  0.275869785
 -0.27692933  2.29660889  0.260001004
 -0.306709285  2.31874156  0.24942708
 -0.373541987  2.33849078  0.271160986
 -0.386051484  2.34367238  0.271160986
 -0.413375724  2.35106493  0.278362274
 -0.547044889  2.36134476  0.361074827
 -0.54800794  2.36137761  0.361746362
 -0.574698981  2.3537196  0.396076451
 -0.611773626  2.3572898  0.400104298
 -0.666011864  2.3644304  0.400104298
 -0.725418609  2.36964434  0.404981837
 -0.732133194  2.37255371  0.397884968
 -0.756608219  2.37040561  0.395875468
 -0.925854036  2.34812398  0.395875468
 -0.925849741  2.34806336  0.395989927
 -0.969511133  2.36064977  0.339723591
 -0.996033714  2.35347411  0.33273358
 -1.14988335  2.2897475  0.33273358
 -1.17386863  2.2826598  0.3249336
 -1.17623167  2.27141792  0.340185662
 -1.26416827  2.29123675  0.198974762
 -1.30800162  2.25760223  0.198974762
 -1.30646982  2.25607043  0.203354006
 -1.35080925  2.25158704  0.13719423
 -1.36245115  2.24313632  0.128851415
 -1.38238997  2.21715154  0.128851415
 -1.42067138  2.18695151  0.0940654089
 -1.42074716  2.18691629  0.09395316
 -1.45481035  2.1507142  0.058973678
 -1.50419261  2.03149488  0.058973678
 -1.50435825  2.03088263  0.0591350348
 -1.55509803  1.94080158 -0.00468539773
 -1.5563576  1.93769858 -0.00602943934
 -1.63251901  1.70722656 -0.0754246531
 -1.67275143  1.56537106 -0.106509892
 -1.71121655  1.16593081 -0.0631140797
 -1.77818101  0.657285204 -0.0631140797
 -1.83260452  0.037193908 -0.0122020194
 -1.85453378 -0.0134171307 -0.0656945182
 -1.82344401 -0.36764822 -0.0947783558
 -1.77900141 -0.705223271 -0.0947783558
 -1.76135469 -0.8884753 -0.114687143
 -1.69740933 -1.00200092 -0.0342567451
 -1.62123491 -1.0899027  0.0746739845
 -1.61530692 -1.10421415  0.0746739845
 -1.56064896 -1.16230419  0.130802228
 -1.5603871 -1.1625475  0.131097728
 -1.5564968 -1.16554359  0.135957773
 -1.55586267 -1.16583833  0.136897117
 -1.48820723 -1.2192114  0.198375068
 -1.48400015 -1.22469416  0.198375068
 -1.41520869 -1.27462911  0.247672369
 -1.41439188 -1.27474389  0.2488512
 -1.32484219 -1.3211322  0.300255235
 -1.2923748 -1.34604531  0.300255235
 -1.17938103 -1.39980395  0.353547283
 -1.12724281 -1.43855342  0.335034644
 -0.988819411 -1.51308127  0.328960461
 -0.71272838 -1.59466682  0.418744898
 -0.406853547 -1.72136432  0.418744898
  0.100643596 -1.89946021  0.417034882
  0.410523496 -2.00186264  0.323729922
  0.508415444 -2.01128939  0.334365056
  0.821498514 -2.05250756  0.334365056
  0.996046366 -2.06782709  0.348696157
  1.05584767 -2.09373841  0.285490157
  1.09463169 -2.09957455  0.265018824
  1.13705867 -2.09585087  0.261535393
  1.15159234 -2.09393747  0.261535393
  1.23767294 -2.10359876  0.19702329
  1.28497073 -2.10198561  0.164042573
  1.31534442 -2.09376803  0.156037606
  1.32197403 -2.09102195  0.156037606
  1.41984427 -2.08284242  0.0673912806
  1.49725157 -2.06430139  0.00130192485
  1.56081697 -2.03405911 -0.028677875
  1.56264039 -2.03265995 -0.028677875
  1.69354182 -1.96485071 -0.103818968
  1.7174295 -1.94096303 -0.103818968
  1.77061783 -1.90235421 -0.141934768
  1.98080561 -1.62843217 -0.141934768
  1.99148756 -1.60598009 -0.131345534
  2.12672514 -1.42401514 -0.195955555
  2.17839551 -1.2491591 -0.139092603
  2.2169891 -1.15598593 -0.139092603
  2.24970906 -1.03504689 -0.107219188
  2.25162749 -0.978797959 -0.0679968497
  2.23352268 -0.915695902  0.0131651872
  2.23493544 -0.901025118  0.014759044
  2.23803579 -0.877475658  0.014759044
  2.23892636 -0.867328634  0.0155921566
  2.22848559 -0.808650289  0.0495782024
  2.22729306 -0.80369448  0.0530299063
  2.21690834 -0.76370767  0.0724113248
  2.21145728 -0.749506132  0.0851061375
  2.19693896 -0.710163744  0.113803176
  2.15654087 -0.615338287  0.169623455
  2.14586625 -0.593663807  0.179885671
  2.13143031 -0.570061365  0.200397843
  1.60780513  0.294336983  0.300484062
  1.5426971  0.411847538  0.242781824
  0.796042494  1.32100394  0.248287648
  0.119676946  1.99736949  0.248287648
  0.0831976346  2.04008746  0.214380507
 -0.204383716  2.2804602  0.169013033
 -0.208578401  2.28424375  0.165464801
 -0.29319002  2.33740875  0.165464801
 -0.315918373  2.34114876  0.198049417
 -0.316140327  2.34039408  0.200813349
 -0.331867385  2.34672956  0.198049417
 -0.629883863  2.36977984  0.369050408
 -0.723199936  2.38029404  0.369050408
 -0.732133194  2.38111298  0.369668832
 -0.925255603  2.41739698  0.178324479
 -0.956205518  2.41390977  0.178324479
 -0.956629357  2.40002259  0.223946931
 -0.812713139  2.39723027  0.286607213
 -1.02063486  2.41578838  0.0972220252
 -1.23008401  2.34249895  0.0972220252
 -1.24670927  2.33726779  0.0926876204
 -1.26575743  2.29353553  0.190874229
 -1.2570859  2.33556029  0.0778111111
 -1.34443627  2.28067441  0.0778111111
 -1.34158515  2.27665624  0.0957697723
 -1.35295339  2.27739358  0.064121667
 -1.40162421  2.22872277  0.064121667
 -1.41374509  2.21837206  0.0545007901
 -1.41401007  2.21819424  0.054027067
 -1.43001415  2.20045111  0.0390183763
 -1.46369843  2.14684288  0.0390183763
 -1.47395576  2.13369022  0.0258436768
 -1.50166771  2.08533954  0.00479284042
 -1.50833825  2.07443336 -0.00468539773
 -1.7298867  1.35068692 -0.195228811
 -1.73912898  1.31296544 -0.208368905
 -1.7948578  0.769913497 -0.159923935
 -1.83444405  0.418575773 -0.159923935
 -1.87404619 -0.0134171307 -0.13001832
 -1.88928768 -0.0896183989 -0.208566409
 -1.86437003 -0.361428053 -0.227383002
 -1.84628693 -0.521920065 -0.227383002
 -1.82234052 -0.755266911 -0.248199577
 -1.79413839 -0.831690246 -0.192455036
 -1.76701211 -0.886624338 -0.131322906
 -1.76137877 -0.902723504 -0.131322906
 -1.7165735 -0.975979104 -0.067658668
 -1.69735443 -1.00317183 -0.0354349652
 -1.69205282 -1.01037552 -0.0290857186
 -1.62575935 -1.0953816  0.0560628016
 -1.61862234 -1.10277007  0.0672302904
 -1.58907366 -1.1355296  0.0949411681
 -1.49977235 -1.21398383  0.180982478
 -1.48591156 -1.22399087  0.195216641
 -1.41360922 -1.27897616  0.240489297
 -1.41193007 -1.28037966  0.240224402
 -1.40636399 -1.2840769  0.241545475
 -1.29596065 -1.3452471  0.295757795
 -1.22551398 -1.38951167  0.295757795
 -0.93716278 -1.54268801  0.306470286
 -0.835114852 -1.58495765  0.306470286
 -0.666579585 -1.646765  0.328391714
 -0.433458812 -1.72011674  0.391973526
 -0.0129625872 -1.86725473  0.391973526
  0.432702221 -2.01004714  0.307552365
  0.552201235 -2.04185019  0.258169008
  0.753772353 -2.06253572  0.27615091
  0.920940285 -2.08137103  0.27615091
  1.12472921 -2.10559454  0.233994371
  1.18606961 -2.10846126  0.201760232
  1.20839931 -2.10641422  0.200214411
  1.21858368 -2.10555772  0.198726218
  1.32991979 -2.10329622  0.107461536
  1.37152823 -2.0966199  0.0812842133
  1.39471785 -2.09004603  0.0761686177
  1.40947363 -2.08610556  0.0702197892
  1.53270141 -2.05846804 -0.0495209147
  1.55040822 -2.05184376 -0.0634363117
  1.60636034 -2.02392113 -0.0857991576
  1.61476581 -2.0199308 -0.0914618963
  1.68825772 -1.97921179 -0.127549277
  1.7047563 -1.97285647 -0.154067202
  1.75752391 -1.93272717 -0.187108038
  1.79795573 -1.89229536 -0.187108038
  1.84674599 -1.85063056 -0.225835031
  1.94804553 -1.72943605 -0.244954103
  1.96522357 -1.69843218 -0.22973
  2.08592406 -1.50633844 -0.22973
  2.12708542 -1.42385822 -0.19676445
  2.16715749 -1.3539421 -0.227204407
  2.21480777 -1.2025037 -0.185900804
  2.22233265 -1.18099884 -0.185900804
  2.24871599 -1.08793052 -0.16537007
  2.2508612 -1.07456104 -0.156958867
  2.2522051 -0.973169459 -0.0674947384
  2.25290292 -0.966976123 -0.0674947384
  2.25497388 -0.944385381 -0.0659308469
  2.25490703 -0.942954867 -0.0651791173
  2.24350952 -0.885971935 -0.00644124436
  2.25309408 -0.924547661 -0.0651791173
  2.25297617 -0.923425897 -0.065103781
  2.24350952 -0.877361581 -0.0150515984
  2.21443159 -0.755542909  0.0724113248
  2.20037191 -0.711942158  0.0816684384
  2.19457421 -0.698130637  0.0995270338
  1.98963857 -0.301382379  0.179885671
  1.93802563 -0.210706448  0.215335112
  1.55179405  0.403977582  0.215335112
  1.52381953  0.441479532  0.186179187
  0.777035908  1.35143801  0.186179187
  0.733499651  1.4007869  0.154587474
  0.11249711  2.02178944  0.154587474
  0.0618341783  2.06648496  0.122154552
 -0.220997002  2.29859851  0.122154552
 -0.246677118  2.31775456  0.102189523
 -0.257898873  2.32480565  0.102189523
 -0.292265613  2.3385994  0.15375421
 -0.273784507  2.33384779  0.0959790892
 -0.296527718  2.34600429  0.0959790892
 -0.296305196  2.3423901  0.135368258
 -0.323401731  2.34771512  0.167515729
 -0.311112518  2.3521266  0.0771206267
 -0.70148507  2.38029404  0.347335542
 -0.980114681  2.444061 -0.13463784
 -0.993954374  2.44269791 -0.13463784
 -1.00482423  2.44046405 -0.122826962
 -1.01012929  2.4272732  0.00579699747
 -0.948405573  2.4272732  0.0675207164
 -1.0207631  2.41598018  0.0953914565
 -1.13758113  2.40019269 -0.122826962
 -1.17629581  2.38770859 -0.114607236
 -1.18656991  2.38339581 -0.10132261
 -1.22550471  2.36550985 -0.0683583291
 -1.25722697  2.335742  0.0760239169
 -1.28823975  2.33197727 -0.0683583291
 -1.3062436  2.32172943 -0.061319785
 -1.32709343  2.3077209 -0.029043522
 -1.32708703  2.30770233 -0.0287958034
 -1.35313578  2.27759237  0.062049994
 -1.37409598  2.2691469 -0.029043522
 -1.38905752  2.25594763 -0.0194655824
 -1.39115877  2.25384638 -0.0155455904
 -1.39316471  2.25157261 -0.0140899941
 -1.44445641  2.1890735 -0.0140899941
 -1.44680508  2.18592493 -0.0116421312
 -1.46392817  2.1586737 -0.0116421312
 -1.47144237  2.14547241 -0.0168031293
 -1.51083661  2.07177097 -0.0168031293
 -1.51869179  2.05467153 -0.0312804245
 -1.55217494  1.95898218 -0.0312804245
 -1.61922105  1.75106408 -0.0754246531
 -1.74527911  1.2782716 -0.228259027
 -1.83444405  0.486910865 -0.228259027
 -1.83892087  0.444317499 -0.231119545
 -1.89150897 -0.0896183989 -0.231119545
 -1.89150897 -0.186136503 -0.32763765
 -1.86437003 -0.461682701 -0.32763765
 -1.86160381 -0.488001137 -0.329405163
 -1.839807 -0.681453194 -0.329405163
 -1.82401143 -0.753693537 -0.26145594
 -1.8192897 -0.769258989 -0.26145594
 -1.81435777 -0.784553486 -0.258208682
 -1.80549747 -0.808237245 -0.239596128
 -1.79280556 -0.838472399 -0.200501418
 -1.78100389 -0.864162703 -0.178750637
 -1.76379417 -0.900149519 -0.143038267
 -1.7629278 -0.901671598 -0.142443215
 -1.71823357 -0.973508318 -0.0714835326
 -1.66887919 -1.04144151 -0.00493343231
 -1.6653351 -1.04604021 -0.000606570619
 -1.62671745 -1.09455272  0.0531720781
 -1.60450391 -1.11973204  0.0692911416
 -1.59854415 -1.1260591  0.077273464
 -1.50917081 -1.2077312  0.163884896
 -1.50693701 -1.20950938  0.166361174
 -1.35157707 -1.31850181  0.241545475
 -1.22995607 -1.38772875  0.289092781
 -1.00271304 -1.50919269  0.289092781
 -0.06655457 -1.85672283  0.328391714
  0.031598193 -1.88837357  0.307552365
  0.574827681 -2.04679753  0.236886585
  0.881675961 -2.08137103  0.236886585
  0.92474129 -2.08589745  0.233994371
  1.24858706 -2.10846126  0.139242783
  1.3063158 -2.10576333  0.108906554
  1.30840334 -2.10555772  0.108906554
  1.42161631 -2.08632633  0.0268599193
  1.49668983 -2.06991128 -0.0437541857
  1.50554027 -2.06722653 -0.0437541857
  1.58679603 -2.03656913 -0.110486538
  1.64831164 -2.00830995 -0.162568938
  1.6621571 -2.0009094 -0.162568938
  1.69827032 -1.98035367 -0.176687275
  1.71913924 -1.9663323 -0.208993106
  1.74984547 -1.94342704 -0.232865694
  1.77994585 -1.9187243 -0.232865694
  1.82126838 -1.882269 -0.259319166
  1.8364991 -1.86703829 -0.259319166
  1.86207404 -1.83804877 -0.277877406
  1.95895764 -1.71999576 -0.277877406
  1.96020009 -1.71833016 -0.279172334
  2.05700637 -1.56426385 -0.279172334
  2.07623002 -1.53049088 -0.265968909
  2.15386783 -1.38524076 -0.265968909
  2.16928967 -1.35166994 -0.23754606
  2.19710566 -1.27217641 -0.23754606
  2.21581886 -1.2141445 -0.225224988
  2.23564722 -1.14877917 -0.225224988
  2.24502638 -1.10588397 -0.184877789
  2.25290292 -1.05513567 -0.155654283
  2.25497388 -1.03410882 -0.155654283
  2.25309408 -1.03410882 -0.174740274
  2.25267313 -1.03437778 -0.178745222
  2.24953522 -1.00652805 -0.178745222
  2.25198549 -0.92249304 -0.0729635083
  2.23651825 -0.867931727 -0.0609273634
  2.17192912 -0.683346594 -0.0609273634
  2.17111744 -0.680766974 -0.0602237927
  2.12067326 -0.592754017 -0.0985427222
  2.04869957 -0.448531223 -0.0409000081
  1.56558791  0.320336569 -0.0409000081
  1.47512804  0.483603545  0.0392704069
  0.853271323  1.22759137 -0.0780975936
  0.788348018  1.31296161 -0.0246423773
  0.019975595  2.08133403 -0.0246423773
 -0.000687301453  2.10553067 -0.00543642965
 -0.226009128  2.29386425  0.030109276
 -0.253242725  2.30895333  0.0167365236
 -0.32659795  2.35504547  0.0167365236
 -0.331210989  2.35734759  0.0148927921
 -0.331252889  2.35802812  0.0223095546
 -0.348040067  2.36034317 -0.00853470894
 -0.432737485  2.37428032 -0.129961585
 -0.455657756  2.38149221 -0.136212904
 -0.464792498  2.38393161 -0.139895597
 -0.466154858  2.38431782 -0.140196132
 -0.688476373  2.41848446 -0.266443094
 -0.708152931  2.41915555 -0.280163543
 -0.780441374  2.4265739 -0.286612303
 -0.822540675  2.43131736 -0.286612303
 -0.799695451  2.43131736 -0.263767079
 -0.871462112  2.43580214 -0.289998992
 -0.890034646  2.43951694 -0.270854468
 -0.890034646  2.44122089 -0.253553985
 -0.900730277  2.43853644 -0.27011404
 -0.995628021  2.43853644 -0.175216296
 -0.972114971  2.43049332 -0.27011404
 -0.989603872  2.42869858 -0.268553878
 -1.0044831  2.42913242 -0.249824179
 -1.03648845  2.42005943 -0.242763845
 -1.11500561  2.39258509 -0.242763845
 -1.15254068  2.38077464 -0.232526458
 -1.19030769  2.37455999 -0.178381591
 -1.22384528  2.35782322 -0.164977346
 -1.26470919  2.33214672 -0.164977346
 -1.29499795  2.3153649 -0.150104388
 -1.32012235  2.30568688 -0.109722321
 -1.34095381  2.28984474 -0.0966785422
 -1.37285736  2.25794119 -0.0966785422
 -1.40490254  2.23057598 -0.0712428693
 -1.41692753  2.21618931 -0.0689732963
 -1.43047758  2.20116688 -0.0562660038
 -1.48199884  2.11917126 -0.0562660038
 -1.4871162  2.10891695 -0.0603644293
 -1.51744547  2.05599967 -0.0373253956
 -1.60601358  1.77451945 -0.114096858
 -1.62562684  1.71846796 -0.114096858
 -1.7439399  1.23234144 -0.28607505
 -1.8135457  0.554064655 -0.346583257
 -1.83892087  0.328853787 -0.346583257
 -1.88613164 -0.186136503 -0.38223454
 -1.87121854 -0.260696025 -0.45909032
 -1.86160381 -0.365576555 -0.451829745
 -1.84587579 -0.505166612 -0.451829745
 -1.83527906 -0.60842685 -0.442618031
 -1.83747244 -0.683651479 -0.347926665
 -1.83304191 -0.699280359 -0.344478957
 -1.82979559 -0.708557806 -0.344478957
 -1.82042664 -0.747672426 -0.311083398
 -1.80366394 -0.811911318 -0.238127681
 -1.79531653 -0.829494826 -0.226281726
 -1.79071367 -0.839971068 -0.21504835
 -1.76892729 -0.886096756 -0.167476429
 -1.71213675 -0.981525268 -0.0664636589
 -1.61220373 -1.10825806  0.0487784895
 -1.51333928 -1.20291283  0.149347208
 -1.30898254 -1.33131868  0.149347208
 -1.29767667 -1.34013576  0.16067202
 -0.457632012 -1.7037331  0.203514883
  0.119289543 -1.90560668  0.203514883
  0.484752606 -2.00920943  0.122894273
  0.568553011 -2.04013388  0.18401978
  0.879485656 -2.07204227  0.156281875
  1.00245379 -2.08589745  0.156281875
  1.40349296 -2.08632633  0.00873656722
  1.46076071 -2.07224795 -0.0589447588
  1.49849277 -2.06799657 -0.0589447588
  1.57362834 -2.03915685 -0.126108751
  1.5833662 -2.03403329 -0.139381918
  1.6438985 -2.00414262 -0.206743887
  1.65801733 -1.99920223 -0.206743887
  1.69767053 -1.97494918 -0.241205287
  1.71149937 -1.96237361 -0.26689626
  1.73540273 -1.94373216 -0.290839672
  1.76646869 -1.92421212 -0.290839672
  1.79429071 -1.89911701 -0.31437397
  1.80104315 -1.88905477 -0.332362778
  1.80587712 -1.88339409 -0.336855908
  1.88012279 -1.80914842 -0.336855908
  1.90372531 -1.77811253 -0.356289266
  1.93670339 -1.73865764 -0.350065049
  1.94288437 -1.72750187 -0.355542963
  2.0774358 -1.51336449 -0.355542963
  2.08443316 -1.49934299 -0.361147054
  2.13054813 -1.41888348 -0.32611673
  2.14599097 -1.39363478 -0.304173844
  2.20814211 -1.21601703 -0.304173844
  2.20884049 -1.21355347 -0.304717301
  2.20968037 -1.21127751 -0.303057172
  2.23255007 -1.15169554 -0.249796606
  2.23844427 -1.09938306 -0.249796606
  2.24502638 -1.07260846 -0.218153308
  2.21097377 -1.09938306 -0.34035469
  2.22483437 -1.00577418 -0.259893006
  2.18645976 -0.993218991 -0.372734404
  2.19384338 -1.10432087 -0.394991948
  2.18693754 -1.10432087 -0.416212794
  2.1731132 -0.999314606 -0.416212794
  2.17002885 -0.996299182 -0.421240506
  1.97694386 -0.530150788 -0.421240506
  1.9628687 -0.515191822 -0.435694282
  1.74235772 -0.21848977 -0.541043837
  1.63556503  0.00597477335 -0.435178036
  0.86369285  1.01189818 -0.435178036
  0.728102557  1.27364664 -0.284927075
  0.158796667  1.84295254 -0.284927075
  0.0551491284  1.9857396 -0.182603076
 -0.397833493  2.33332539 -0.182603076
 -0.405310973  2.34280381 -0.173990115
 -0.425593063  2.3578776 -0.166788584
 -0.522998064  2.386661 -0.198464561
 -0.530503953  2.38827682 -0.201820467
 -0.585815277  2.40324125 -0.216397736
 -0.730306705  2.41279934 -0.308657786
 -0.78351548  2.41792322 -0.31443847
 -0.812814253  2.42178048 -0.31443847
 -0.871462112  2.42692782 -0.319253702
 -0.888748188  2.41943793 -0.337523934
 -0.89421245  2.41895835 -0.337075295
 -0.99722784  2.40539612 -0.337075295
 -0.998868525  2.40435992 -0.338609779
 -0.99974383  2.40386688 -0.339229914
 -1.02602025  2.39675782 -0.332304779
 -1.1168554  2.35913267 -0.332304779
 -1.16017494  2.3632473 -0.271878407
 -1.19110801  2.34853039 -0.257289226
 -1.30372219  2.29165423 -0.189284012
 -1.25660149  2.29827547 -0.257289226
 -1.32684056  2.27487286 -0.172716937
 -1.43534012  2.13347348 -0.172716937
 -1.43654324  2.13094467 -0.173909617
 -1.43477974  2.1123782 -0.199807963
 -1.49517977  1.90798039 -0.26627786
 -1.61310542  1.62328267 -0.26627786
 -1.71644005  1.24133869 -0.366938979
 -1.67677938  1.10310639 -0.544733736
 -1.72271776  0.626060194 -0.596560781
 -1.77048374  0.263241561 -0.596560781
 -1.81435132 -0.236577505 -0.637597993
 -1.82480164 -0.260696025 -0.612106323
 -1.81917305 -0.324827108 -0.606840896
 -1.80760958 -0.41266038 -0.606840896
 -1.80246041 -0.466131825 -0.601031675
 -1.80592034 -0.501515702 -0.576085078
 -1.81664458 -0.546583627 -0.524898417
 -1.83446467 -0.6086933 -0.445012787
 -1.83355473 -0.612056608 -0.444126389
 -1.82941394 -0.700360726 -0.355270957
 -1.82618071 -0.62985905 -0.444126389
 -1.82433208 -0.646858053 -0.429901761
 -1.81579785 -0.757401547 -0.306494784
 -1.81001082 -0.764943342 -0.306494784
 -1.80229377 -0.779840625 -0.297943325
 -1.72496544 -0.946659542 -0.124075955
 -1.61433613 -1.0315484 -0.124075955
 -1.5413836 -1.12402266 -0.0400453404
 -1.33124995 -1.28019542  0.0345665031
 -1.04598325 -1.3644924 -0.0582018468
 -0.197539135 -1.71592946 -0.0582018468
  0.265590093 -1.84122868 -0.180259291
  0.466890665 -1.95461486 -0.0376422812
  0.766634794 -1.98347949 -0.0702069519
  1.14298207 -2.03302655 -0.0702069519
  1.46076071 -2.060917 -0.0962978926
  1.53823055 -2.02735008 -0.178178352
  1.60606632 -1.99061888 -0.26360585
  1.65022519 -1.98480526 -0.26360585
  1.683677 -1.96367827 -0.294892334
  1.72854513 -1.91778445 -0.369702398
  1.72954721 -1.91691606 -0.370944218
  1.75094297 -1.90805365 -0.370944218
  1.76186649 -1.89777552 -0.381498825
  1.78402833 -1.85009447 -0.452128701
  1.83154522 -1.81363347 -0.452128701
  1.84042194 -1.80140472 -0.460892063
  1.84644668 -1.75852911 -0.522770708
  1.84693925 -1.75757822 -0.523316543
  1.9726611 -1.59373433 -0.523316543
  1.9922286 -1.55260595 -0.542714213
  1.99276323 -1.55188659 -0.542458792
  2.01287639 -1.53051048 -0.52180459
  2.11555219 -1.28262919 -0.52180459
  2.1379649 -1.26071737 -0.48527032
  2.15705052 -1.23049782 -0.457006862
  2.16939734 -1.13671438 -0.457006862
  2.08308385 -1.13671438 -0.618488041
  2.11792224 -0.99999123 -0.51963448
  2.06586197 -1.1406966 -0.64972708
  2.02312933 -1.1406966 -0.724501986
  1.99749917 -0.978874138 -0.724501986
  1.98277033 -0.962869516 -0.739360358
  1.94824164 -0.917142633 -0.767956227
  1.94514228 -0.904742406 -0.764219418
  1.62965036 -0.285554643 -0.764219418
  1.60391425 -0.189388951 -0.728872677
  1.08149227  0.392826949 -0.851281965
  0.884546393  0.834935992 -0.621099209
  0.123009345  1.59647304 -0.621099209
 -0.00258490034  1.86197003 -0.45447883
 -0.32658658  2.15269654 -0.38635837
 -0.374061989  2.22023547 -0.336034291
 -0.689648772  2.38103497 -0.336034291
 -0.726344957  2.39020694 -0.347092686
 -0.731287717  2.38756853 -0.35307933
 -0.746115059  2.38883673 -0.354969541
 -0.839573507  2.40363909 -0.354969541
 -0.888748188  2.40765774 -0.359563124
 -0.922531355  2.38490847 -0.393803074
 -0.93820919  2.37103614 -0.413732243
 -1.00742329  2.36007371 -0.413732243
 -1.01503949  2.35306462 -0.420802971
 -1.11619547  2.3576677 -0.335493688
 -1.02317504  2.33735298 -0.438377567
 -1.11135383  2.29242364 -0.438377567
 -1.12600291  2.31101005 -0.398794995
 -1.25422603  2.29590001 -0.264080388
 -1.11245526  2.27046427 -0.463218814
 -1.25194656  2.13097297 -0.463218814
 -1.2718159  2.1466332 -0.420904061
 -1.22673234  2.0420912 -0.570343095
 -1.29585498  1.78380713 -0.665278202
 -1.47365068  1.43486342 -0.665278202
 -1.55106104  1.12515205 -0.758609716
 -1.5280618  1.08206564 -0.810795735
 -1.5602451  0.705788444 -0.858764108
 -1.63031097  0.26340998 -0.858764108
 -1.64614292  0.0696804337 -0.876861077
 -1.68486318 -0.0631580853 -0.837139291
 -1.7264295 -0.169745237 -0.78562707
 -1.77143373 -0.236577505 -0.717891161
 -1.76932306 -0.262405009 -0.715478522
 -1.76115062 -0.314003743 -0.715478522
 -1.75958783 -0.332275391 -0.713149225
 -1.77829966 -0.418120773 -0.656614978
 -1.78285446 -0.429402357 -0.645518203
 -1.81874033 -0.592639064 -0.486057842
 -1.7975503 -0.517942835 -0.576085078
 -1.82378022 -0.648096892 -0.429256763
 -1.73510576 -0.736771349 -0.429256763
 -1.70956234 -0.790768263 -0.395369424
 -1.65457725 -0.840106352 -0.38380896
 -1.42074553 -0.902684986 -0.46975634
 -0.557980129 -1.34228592 -0.46975634
 -0.0973833671 -1.45740911 -0.608557163
  0.243410184 -1.71474475 -0.395437719
  0.671024186 -1.75131894 -0.449950584
  1.29185356 -1.84964865 -0.449950584
  1.60341512 -1.87511006 -0.479054662
  1.60606632 -1.88657566 -0.458257018
  1.63419382 -1.84787594 -0.518179575
  1.73718975 -1.83156299 -0.518179575
  1.74250391 -1.84302877 -0.496643586
  1.78164783 -1.84481001 -0.463631795
  1.76402907 -1.77972996 -0.57615852
  1.79744507 -1.76270366 -0.57615852
  1.79859887 -1.76416758 -0.573040888
  1.80154021 -1.6810584 -0.668518618
  1.80988365 -1.66342097 -0.679587498
  1.86446713 -1.60883749 -0.679587498
  1.87890521 -1.57642652 -0.696462173
  1.87090484 -1.54822467 -0.730452312
  1.88341642 -1.50147379 -0.747636104
  1.97873908 -1.31439254 -0.747636104
  1.98185438 -1.31215689 -0.744633392
  1.98434174 -1.30886283 -0.742573416
  1.99160203 -1.30097367 -0.735249269
  2.1017791 -1.28165329 -0.547812583
  2.01564834 -1.14915124 -0.735249269
  1.93582017 -1.14915124 -0.832520179
  1.92576665 -1.137924 -0.84260366
  1.92456665 -1.1369821 -0.843742231
  1.88332562 -0.929649419 -0.843742231
  1.88197377 -0.910558984 -0.840992638
  1.75187921 -0.769106425 -0.908349383
  1.71528438 -0.717972468 -0.920586229
  1.62288877 -0.554781389 -0.931319498
  1.61054457 -0.500467572 -0.913522737
  1.11383602  0.242909306 -0.913522737
  1.07747449  0.393089284 -0.854807939
  0.281682388  1.18888139 -0.854807939
  0.126762886  1.53898582 -0.671549557
 -0.506818066  1.96233107 -0.671549557
 -0.581945056  2.12999514 -0.563759832
 -0.672156403  2.21296293 -0.520803079
 -0.719913175  2.27307783 -0.479264024
 -0.940325071  2.31692048 -0.479264024
 -0.93820919  2.32628436 -0.468262453
 -0.945850051  2.31197309 -0.484226153
 -1.02314467  2.33714284 -0.43863948
 -0.977435237  2.27173315 -0.522406288
 -1.03069558  2.26113901 -0.522406288
 -1.03569957  2.25484012 -0.526758786
 -1.10649216  2.26113359 -0.477578089
 -1.06654115  2.13978179 -0.613429181
 -1.11659957  2.10633382 -0.613429181
 -1.05489032  2.16578343 -0.596712961
 -1.14259574  2.04758477 -0.644180736
 -1.12225134  1.98170677 -0.703241615
 -1.19485332  1.68184691 -0.820475692
 -1.27599494  1.5604099 -0.820475692
 -1.35319528  1.22073254 -0.931776225
 -1.40028286  1.13756546 -0.926306228
 -1.44360977  1.09045587 -0.903873629
 -1.46658863  0.765954248 -0.950611549
 -1.50953341  0.550056244 -0.950611549
 -1.52384672  0.358647499 -0.97011109
 -1.57179978  0.220923881 -0.938259673
 -1.72414095 -0.200349519 -0.782509295
 -1.71867644 -0.227821459 -0.782509295
 -1.71570844 -0.269734723 -0.776472534
 -1.71753751 -0.273543499 -0.773564173
 -1.79031463 -0.513318618 -0.587220285
 -1.74952186 -0.51598212 -0.623019705
 -1.73527516 -0.482511496 -0.656614978
 -1.73152794 -0.4979882 -0.650564161
 -1.58349756 -0.533829272 -0.708438548
 -1.0771772 -0.872141718 -0.708438548
 -0.703272429 -0.957121112 -0.83095422
 -0.446905289 -1.10227119 -0.814092653
 -0.101066037 -1.42034112 -0.649411249
  0.473146023 -1.46100268 -0.732114926
  1.14944877 -1.59552766 -0.732114926
  1.55522024 -1.62587074 -0.773452418
  1.6263287 -1.68954535 -0.709588053
  1.63419382 -1.72435263 -0.668693159
  1.76204242 -1.76598447 -0.593290853
  1.76234843 -1.66248934 -0.709588053
  1.77075168 -1.67832129 -0.689907884
  1.76559244 -1.64743521 -0.721413097
  1.78164617 -1.6116074 -0.744446471
  1.8147092 -1.58951539 -0.744446471
  1.83185183 -1.55077457 -0.764724933
  1.82602939 -1.5319207 -0.781627791
  1.84301776 -1.46175552 -0.809059774
  1.87555627 -1.4130582 -0.809059774
  1.89209396 -1.34029326 -0.832902331
  1.90959736 -1.32126171 -0.823839907
  1.91342899 -1.26715229 -0.831633278
  1.93516916 -1.15785712 -0.831633278
  1.89819605 -1.1369821 -0.865384023
  1.85537554 -1.09699761 -0.893998719
  1.83565136 -1.06167681 -0.90442005
  1.82729775 -1.05057224 -0.908349383
  1.33546883 -0.273637618 -1.0053136
  1.16300258 -0.069133595 -1.03193468
  1.15809924 -0.060589887 -1.03133614
  1.1071736  0.164419045 -0.957449907
  0.169204672  1.10238798 -0.957449907
  0.150605475  1.1777553 -0.928165294
 -0.412196368  1.75312097 -0.780041722
 -0.504617792  1.90963044 -0.709622437
 -0.951283941  2.02931427 -0.709622437
 -0.96936396  2.06056846 -0.690327274
 -0.96936396  2.10564315 -0.657395243
 -0.977435237  2.13781489 -0.632310162
 -1.07098517  2.03333913 -0.690327274
 -1.10246663  1.98002741 -0.714314154
 -1.09750766  1.88092994 -0.767993086
 -1.14484476  1.68911139 -0.842525811
 -1.19150899  1.64244716 -0.842525811
 -1.25804849  1.3484502 -0.939065651
 -1.30338426  1.26945588 -0.944599698
 -1.41560663  0.86090253 -0.969271834
 -1.45192734  0.72535179 -0.969271834
 -1.47095694  0.453359172 -0.998055582
 -1.68070071 -0.122652823 -0.830843232
 -1.67072708 -0.159874912 -0.830843232
 -1.66647174 -0.236702861 -0.818911893
 -1.65267019 -0.240108817 -0.824274604
 -1.37651854 -0.51626046 -0.824274604
 -1.06569455 -0.586608381 -0.926339941
  0.0294738534 -1.12865681 -0.888074079
  0.81249374 -1.33846636 -0.888074079
  1.28260269 -1.3713569 -0.937823583
  1.4280924 -1.45260263 -0.894897133
  1.55522024 -1.58874741 -0.803918749
  1.59529908 -1.58594335 -0.799677387
  1.77874378 -1.53678949 -0.799677387
  1.78478382 -1.53645494 -0.798739372
  1.79204106 -1.5290357 -0.800649401
  1.80885117 -1.46091808 -0.827117078
  1.84027902 -1.42949023 -0.827117078
  1.85636656 -1.35840932 -0.850457931
  1.87411987 -1.34104368 -0.845887475
  1.87829154 -1.26572613 -0.857584251
  1.89303945 -1.21068621 -0.857584251
  1.65109478 -0.899080663 -0.980834935
  1.64251118 -0.895436554 -0.983896624
  1.56936788 -0.838319888 -1.0053136
  0.249980882  0.847528475 -1.03133614
  0.167456028  1.05116273 -0.979933632
 -0.765875792  1.43776143 -0.979933632
 -0.835991366  1.60291665 -0.9210243
 -0.905412386  1.68366167 -0.887807794
 -0.951283941  1.82910433 -0.81663688
 -1.14132301  1.58594429 -0.887807794
 -1.22361564  1.38288305 -0.939065651
 -1.31726342  1.01868842 -0.983548211
 -1.40039642  0.8179876 -0.983548211
 -1.4251172  0.492770166 -1.01691292
 -1.56543569  0.137200186 -0.929670291
 -1.4125445 -0.231911799 -0.929670291
 -1.38405846 -0.243456055 -0.936860897
 -1.0648763 -0.562638218 -0.936860897
 -0.643313091 -0.58597037 -1.00233694
  0.372949113 -1.00691996 -1.00233694
  1.06278805 -1.11568596 -1.04300029
  0.962785482 -1.05175522 -1.06284943
  1.03211441 -1.09018862 -1.05223577
  1.52123758 -1.44552238 -0.885341182
  1.78514454 -1.336518 -0.885207248
  1.80529237 -1.35666584 -0.872875352
  1.7847663 -1.33636521 -0.885341182
  1.84886171 -1.18269113 -0.885207248
  1.37640418 -0.745898841 -1.05223577
  1.05589686 -0.452969796 -1.11265398
  0.940501159 -0.424033677 -1.12686942
 -0.20429873  0.720766211 -1.12686942
 -0.365161802  0.742092805 -1.14061257
 -0.690782342  1.09836942 -1.07345156
 -0.765875792  1.25515524 -1.03532661
 -1.19797148  0.591180286 -1.07345156
 -1.2110183  0.492770166 -1.08185911
 -1.18520494  0.469177936 -1.08672513
 -0.991567212  0.420622188 -1.11057911
 -0.128600223 -0.4423448 -1.11057911
  0.479494063 -0.522963548 -1.16253092
  1.75810974 -1.30970864 -0.896776768
  0.479494063 -0.424033677 -1.17227466
 -0.365161802  0.420622188 -1.17227466
 1 2 3
 1 3 4
 1 4 5
 1 5 6
 7 8 9
 7 9 3
 7 3 2
 4 10 11
 4 11 5
 6 5 11
 6 11 12
 6 12 13
 6 13 14
 15 16 1
 15 1 6
 15 6 14
 15 14 17
 15 17 18
 16 19 20
 16 20 7
 16 7 2
 16 2 1
 21 22 23
 21 23 24
 21 24 20
 21 20 19
 25 26 27
 25 27 23
 25 23 22
 20 24 28
 20 28 8
 20 8 7
 28 29 30
 28 30 31
 28 31 9
 28 9 8
 3 9 31
 3 31 32
 3 32 33
 3 33 10
 3 10 4
 11 10 33
 11 33 34
 11 34 12
 12 34 35
 12 35 36
 12 36 37
 12 37 38
 12 38 13
 38 37 39
 38 39 40
 38 40 41
 38 41 42
 38 42 43
 14 13 38
 14 38 43
 14 43 17
 17 43 42
 17 42 44
 17 44 45
 17 45 18
 45 44 46
 45 46 47
 45 47 48
 45 48 49
 45 49 50
 18 45 50
 18 50 51
 18 51 52
 18 52 15
 15 52 53
 15 53 21
 15 21 19
 15 19 16
 53 54 55
 53 55 56
 53 56 25
 53 25 22
 53 22 21
 55 57 58
 55 58 59
 55 59 56
 58 60 61
 58 61 62
 58 62 63
 58 63 59
 56 59 63
 56 63 64
 56 64 26
 56 26 25
 63 62 65
 63 65 64
 23 27 66
 23 66 29
 23 29 28
 23 28 24
 66 67 68
 66 68 30
 66 30 29
 31 30 68
 31 68 69
 31 69 70
 31 70 71
 31 71 32
 32 71 72
 32 72 35
 32 35 34
 32 34 33
 35 72 73
 35 73 74
 35 74 75
 35 75 76
 35 76 36
 36 76 77
 36 77 39
 36 39 37
 39 77 78
 39 78 79
 39 79 40
 78 80 81
 78 81 82
 78 82 83
 78 83 79
 40 79 83
 40 83 84
 40 84 41
 84 83 82
 84 82 85
 84 85 86
 84 86 87
 42 41 84
 42 84 87
 42 87 46
 42 46 44
 46 87 86
 46 86 88
 46 88 89
 46 89 47
 90 91 92
 90 92 93
 90 93 94
 48 95 90
 48 90 94
 48 94 96
 48 96 97
 48 97 49
 50 49 97
 50 97 98
 50 98 99
 50 99 51
 51 99 100
 51 100 54
 51 54 53
 51 53 52
 100 101 102
 100 102 103
 100 103 57
 100 57 55
 100 55 54
 103 104 60
 103 60 58
 103 58 57
 102 105 106
 102 106 107
 102 107 108
 102 108 109
 102 109 110
 102 110 104
 102 104 103
 109 111 112
 109 112 110
 110 112 113
 110 113 61
 110 61 60
 110 60 104
 114 115 116
 114 116 113
 114 113 112
 114 112 111
 61 113 116
 61 116 117
 61 117 65
 61 65 62
 117 116 115
 117 115 118
 117 118 119
 117 119 120
 64 65 117
 64 117 120
 64 120 121
 64 121 67
 64 67 66
 64 66 27
 64 27 26
 68 67 121
 68 121 122
 68 122 123
 68 123 69
 69 123 124
 69 124 125
 69 125 126
 69 126 70
 70 126 127
 70 127 128
 70 128 73
 70 73 72
 70 72 71
 127 129 130
 127 130 131
 127 131 128
 73 128 131
 73 131 132
 73 132 74
 74 132 133
 74 133 134
 74 134 75
 75 134 135
 75 135 136
 75 136 80
 75 80 78
 75 78 77
 75 77 76
 136 137 138
 136 138 139
 136 139 81
 136 81 80
 139 138 140
 139 140 141
 139 141 142
 82 81 139
 82 139 142
 82 142 143
 82 143 85
 143 142 141
 143 141 144
 143 144 145
 143 145 146
 143 146 147
 86 85 143
 86 143 147
 86 147 88
 88 147 146
 88 146 148
 88 148 89
 47 89 148
 47 148 149
 47 149 95
 47 95 48
 149 150 151
 149 151 152
 149 152 91
 149 91 90
 149 90 95
 153 154 155
 153 155 156
 153 156 157
 152 157 156
 152 156 158
 152 158 159
 152 159 92
 152 92 91
 94 93 160
 94 160 161
 94 161 96
 97 96 161
 97 161 162
 97 162 163
 97 163 98
 98 163 164
 98 164 165
 98 165 101
 98 101 100
 98 100 99
 165 166 167
 165 167 168
 165 168 105
 165 105 102
 165 102 101
 168 169 170
 168 170 171
 168 171 172
 168 172 106
 168 106 105
 106 172 173
 106 173 107
 171 174 175
 171 175 176
 171 176 177
 171 177 173
 171 173 172
 107 173 177
 107 177 178
 107 178 179
 107 179 108
 108 179 180
 108 180 114
 108 114 111
 108 111 109
 178 181 182
 178 182 183
 178 183 184
 178 184 180
 178 180 179
 180 184 185
 180 185 118
 180 118 115
 180 115 114
 183 186 187
 183 187 188
 183 188 185
 183 185 184
 118 185 188
 118 188 189
 118 189 119
 189 188 187
 189 187 190
 189 190 191
 189 191 192
 120 119 189
 120 189 192
 120 192 193
 120 193 194
 120 194 195
 120 195 122
 120 122 121
 122 195 196
 122 196 197
 122 197 124
 122 124 123
 124 197 198
 124 198 199
 124 199 200
 124 200 125
 125 200 201
 125 201 202
 125 202 203
 125 203 204
 125 204 129
 125 129 127
 125 127 126
 203 205 206
 203 206 207
 203 207 204
 204 207 208
 204 208 209
 204 209 130
 204 130 129
 209 208 210
 209 210 211
 209 211 212
 131 130 209
 131 209 212
 131 212 213
 131 213 133
 131 133 132
 133 213 214
 133 214 215
 133 215 135
 133 135 134
 135 215 216
 135 216 217
 135 217 218
 135 218 137
 135 137 136
 218 219 220
 218 220 221
 218 221 140
 218 140 138
 218 138 137
 222 221 220
 222 220 223
 222 223 224
 222 224 225
 222 225 226
 141 140 221
 141 221 222
 141 222 144
 226 225 227
 226 227 228
 226 228 229
 226 229 230
 226 230 231
 145 144 222
 145 222 226
 145 226 231
 145 231 232
 232 231 230
 232 230 233
 232 233 234
 232 234 235
 232 235 236
 148 146 145
 148 145 232
 148 232 236
 148 236 237
 148 237 238
 148 238 150
 148 150 149
 238 239 240
 238 240 241
 238 241 242
 238 242 243
 238 243 151
 238 151 150
 151 243 153
 151 153 157
 151 157 152
 242 244 245
 242 245 246
 242 246 247
 242 247 248
 242 248 249
 242 249 154
 242 154 153
 242 153 243
 248 250 251
 248 251 249
 249 251 252
 249 252 155
 249 155 154
 158 253 254
 158 254 159
 92 159 254
 92 254 255
 92 255 256
 92 256 160
 92 160 93
 162 257 258
 162 258 164
 162 164 163
 164 258 259
 164 259 260
 164 260 261
 164 261 166
 164 166 165
 261 262 263
 261 263 167
 261 167 166
 167 263 264
 167 264 265
 167 265 266
 167 266 169
 167 169 168
 266 267 268
 266 268 269
 266 269 270
 266 270 271
 266 271 170
 266 170 169
 170 271 272
 170 272 174
 170 174 171
 272 273 274
 272 274 175
 272 175 174
 175 274 275
 175 275 276
 175 276 277
 175 277 278
 175 278 176
 177 176 278
 177 278 181
 177 181 178
 278 277 279
 278 279 280
 278 280 281
 278 281 182
 278 182 181
 182 281 282
 182 282 283
 182 283 186
 182 186 183
 282 284 285
 282 285 286
 282 286 283
 187 186 283
 187 283 286
 187 286 190
 190 286 285
 190 285 287
 190 287 288
 190 288 289
 190 289 191
 192 191 289
 192 289 290
 192 290 193
 193 290 291
 193 291 292
 193 292 293
 193 293 294
 193 294 194
 194 294 295
 194 295 296
 194 296 297
 194 297 298
 194 298 299
 194 299 196
 194 196 195
 196 299 300
 196 300 301
 196 301 198
 196 198 197
 198 301 302
 198 302 303
 198 303 304
 198 304 199
 199 304 305
 199 305 306
 199 306 307
 199 307 201
 199 201 200
 201 307 308
 201 308 309
 201 309 310
 201 310 311
 201 311 312
 201 312 202
 202 312 313
 202 313 205
 202 205 203
 313 314 315
 313 315 316
 313 316 206
 313 206 205
 206 316 317
 206 317 210
 206 210 208
 206 208 207
 210 317 318
 210 318 319
 210 319 211
 212 211 319
 212 319 320
 212 320 321
 212 321 322
 212 322 214
 212 214 213
 214 322 323
 214 323 216
 214 216 215
 217 324 325
 217 325 326
 217 326 219
 217 219 218
 220 219 326
 220 326 327
 220 327 328
 220 328 223
 223 328 329
 223 329 330
 223 330 331
 223 331 332
 223 332 224
 224 332 227
 224 227 225
 228 333 334
 228 334 335
 228 335 336
 228 336 229
 230 229 336
 230 336 233
 234 337 338
 234 338 339
 234 339 340
 234 340 235
 236 235 340
 236 340 341
 236 341 342
 236 342 237
 237 342 343
 237 343 344
 237 344 345
 237 345 239
 237 239 238
 345 346 347
 345 347 240
 345 240 239
 240 347 348
 240 348 349
 240 349 350
 240 350 351
 240 351 241
 241 351 352
 241 352 244
 241 244 242
 352 353 354
 352 354 355
 352 355 356
 352 356 245
 352 245 244
 245 356 357
 245 357 358
 245 358 246
 246 358 359
 246 359 247
 252 251 250
 252 250 360
 252 360 361
 252 361 362
 156 155 252
 156 252 362
 156 362 253
 156 253 158
 161 160 256
 161 256 363
 161 363 257
 161 257 162
 363 364 259
 363 259 258
 363 258 257
 260 365 366
 260 366 262
 260 262 261
 366 367 368
 366 368 264
 366 264 263
 366 263 262
 264 368 369
 264 369 370
 264 370 371
 264 371 372
 264 372 265
 265 372 267
 265 267 266
 371 373 268
 371 268 267
 371 267 372
 270 374 273
 270 273 272
 270 272 271
 375 376 275
 375 275 274
 375 274 273
 375 273 374
 377 378 379
 377 379 276
 377 276 275
 377 275 376
 377 376 380
 276 379 279
 276 279 277
 279 379 378
 279 378 381
 279 381 382
 279 382 280
 280 382 383
 280 383 384
 280 384 284
 280 284 282
 280 282 281
 383 385 386
 383 386 387
 383 387 384
 285 284 384
 285 384 387
 285 387 287
 287 387 386
 287 386 388
 287 388 389
 287 389 288
 289 288 389
 289 389 390
 289 390 291
 289 291 290
 291 390 391
 291 391 392
 291 392 393
 291 393 292
 292 393 394
 292 394 395
 292 395 293
 293 395 396
 293 396 295
 293 295 294
 298 397 398
 298 398 399
 298 399 300
 298 300 299
 300 399 400
 300 400 401
 300 401 302
 300 302 301
 302 401 402
 302 402 403
 302 403 404
 302 404 303
 303 404 405
 303 405 406
 303 406 407
 303 407 305
 303 305 304
 305 407 408
 305 408 409
 305 409 410
 305 410 306
 306 410 411
 306 411 412
 306 412 413
 306 413 308
 306 308 307
 308 413 414
 308 414 309
 311 415 416
 311 416 314
 311 314 313
 311 313 312
 416 417 315
 416 315 314
 315 417 418
 315 418 419
 315 419 420
 315 420 318
 315 318 317
 315 317 316
 319 318 420
 319 420 421
 319 421 320
 321 422 423
 321 423 424
 321 424 425
 321 425 323
 321 323 322
 216 323 425
 216 425 426
 216 426 324
 216 324 217
 325 427 428
 325 428 429
 325 429 327
 325 327 326
 327 429 430
 327 430 329
 327 329 328
 330 431 432
 330 432 433
 330 433 331
 227 332 331
 227 331 433
 227 433 434
 227 434 333
 227 333 228
 335 334 435
 335 435 436
 335 436 437
 233 336 335
 233 335 437
 233 437 438
 233 438 337
 233 337 234
 338 439 440
 338 440 441
 338 441 339
 340 339 441
 340 441 442
 340 442 443
 340 443 341
 341 443 444
 341 444 445
 341 445 446
 341 446 343
 341 343 342
 343 446 447
 343 447 448
 343 448 449
 343 449 344
 344 449 450
 344 450 451
 344 451 346
 344 346 345
 451 452 453
 451 453 348
 451 348 347
 451 347 346
 348 453 454
 348 454 455
 348 455 456
 348 456 349
 350 457 353
 350 353 352
 350 352 351
 458 459 460
 458 460 461
 458 461 354
 458 354 353
 458 353 457
 460 462 463
 460 463 464
 460 464 461
 354 461 464
 354 464 355
 357 465 466
 357 466 467
 357 467 359
 357 359 358
 247 359 467
 247 467 360
 247 360 250
 247 250 248
 254 253 362
 254 362 361
 254 361 468
 254 468 469
 254 469 255
 256 255 469
 256 469 470
 256 470 364
 256 364 363
 259 364 470
 259 470 471
 259 471 472
 259 472 365
 259 365 260
 472 473 474
 472 474 367
 472 367 366
 472 366 365
 474 475 476
 474 476 369
 474 369 368
 474 368 367
 369 476 477
 369 477 478
 369 478 479
 369 479 370
 478 480 481
 478 481 482
 478 482 479
 370 479 482
 370 482 483
 370 483 373
 370 373 371
 482 481 484
 482 484 483
 269 485 375
 269 375 374
 269 374 270
 380 376 375
 380 375 485
 486 487 488
 486 488 489
 486 489 490
 490 489 491
 490 491 381
 490 381 378
 490 378 377
 488 492 493
 488 493 494
 488 494 491
 488 491 489
 491 494 495
 491 495 496
 491 496 385
 491 385 383
 491 383 382
 491 382 381
 495 497 498
 495 498 499
 495 499 500
 495 500 496
 386 385 496
 386 496 500
 386 500 501
 386 501 388
 501 500 499
 501 499 502
 501 502 503
 501 503 504
 389 388 501
 389 501 504
 389 504 505
 389 505 391
 389 391 390
 391 505 506
 391 506 507
 391 507 392
 392 507 508
 392 508 394
 392 394 393
 394 508 509
 394 509 510
 394 510 396
 394 396 395
 295 396 510
 295 510 511
 295 511 512
 295 512 296
 296 512 513
 296 513 297
 398 514 515
 398 515 400
 398 400 399
 400 515 516
 400 516 517
 400 517 402
 400 402 401
 402 517 518
 402 518 519
 402 519 403
 403 519 520
 403 520 521
 403 521 522
 403 522 405
 403 405 404
 405 522 523
 405 523 524
 405 524 525
 405 525 526
 405 526 406
 406 526 527
 406 527 528
 406 528 408
 406 408 407
 408 528 529
 408 529 530
 408 530 409
 411 531 532
 411 532 533
 411 533 412
 412 533 534
 412 534 535
 412 535 414
 412 414 413
 310 536 537
 310 537 415
 310 415 311
 537 418 417
 537 417 416
 537 416 415
 420 419 538
 420 538 539
 420 539 421
 320 421 539
 320 539 540
 320 540 422
 320 422 321
 425 424 541
 425 541 426
 426 541 542
 426 542 427
 426 427 325
 426 325 324
 428 543 544
 428 544 430
 428 430 429
 329 430 544
 329 544 545
 329 545 431
 329 431 330
 433 432 546
 433 546 547
 433 547 548
 433 548 434
 434 548 435
 434 435 334
 434 334 333
 437 436 549
 437 549 550
 437 550 551
 437 551 438
 438 551 439
 438 439 338
 438 338 337
 441 440 552
 441 552 553
 441 553 554
 441 554 442
 442 554 555
 442 555 444
 442 444 443
 444 555 556
 444 556 557
 444 557 558
 444 558 445
 445 558 559
 445 559 560
 445 560 447
 445 447 446
 447 560 561
 447 561 562
 447 562 448
 448 562 563
 448 563 564
 448 564 565
 448 565 450
 448 450 449
 450 565 566
 450 566 567
 450 567 452
 450 452 451
 567 568 569
 567 569 454
 567 454 453
 567 453 452
 454 569 570
 454 570 571
 454 571 455
 349 456 572
 349 572 458
 349 458 457
 349 457 350
 572 573 459
 572 459 458
 574 462 460
 574 460 459
 574 459 573
 575 576 577
 575 577 463
 575 463 462
 575 462 574
 355 464 463
 355 463 577
 355 577 578
 355 578 465
 355 465 357
 355 357 356
 466 465 578
 466 578 579
 466 579 580
 361 360 467
 361 467 466
 361 466 580
 361 580 581
 361 581 582
 361 582 468
 469 468 582
 469 582 583
 469 583 584
 469 584 471
 469 471 470
 471 584 585
 471 585 586
 471 586 473
 471 473 472
 586 587 588
 586 588 475
 586 475 474
 586 474 473
 588 589 477
 588 477 476
 588 476 475
 477 589 590
 477 590 591
 477 591 480
 477 480 478
 484 481 480
 484 480 591
 484 591 592
 484 592 593
 594 595 596
 593 592 594
 593 594 596
 593 596 597
 593 597 598
 599 600 601
 599 601 602
 599 602 603
 603 602 604
 603 604 605
 603 605 606
 606 605 607
 606 607 608
 606 608 487
 606 487 486
 607 609 610
 607 610 611
 607 611 608
 608 611 612
 608 612 492
 608 492 488
 608 488 487
 612 613 614
 612 614 615
 612 615 493
 612 493 492
 493 615 616
 493 616 497
 493 497 495
 493 495 494
 616 617 618
 616 618 619
 616 619 498
 616 498 497
 499 498 619
 499 619 620
 499 620 502
 502 620 621
 502 621 622
 502 622 503
 504 503 622
 504 622 623
 504 623 624
 504 624 506
 504 506 505
 506 624 625
 506 625 509
 506 509 508
 506 508 507
 510 509 625
 510 625 626
 510 626 627
 510 627 511
 511 627 628
 511 628 629
 511 629 513
 511 513 512
 297 513 629
 297 629 397
 297 397 298
 630 631 632
 630 632 516
 630 516 515
 630 515 514
 516 632 633
 516 633 518
 516 518 517
 518 633 634
 518 634 635
 518 635 520
 518 520 519
 520 635 636
 520 636 637
 520 637 638
 520 638 521
 521 638 639
 521 639 523
 521 523 522
 523 639 640
 523 640 641
 523 641 524
 525 642 643
 525 643 644
 525 644 527
 525 527 526
 527 644 645
 527 645 529
 527 529 528
 409 530 646
 409 646 531
 409 531 411
 409 411 410
 532 647 534
 532 534 533
 309 414 535
 309 535 648
 309 648 536
 309 536 310
 648 649 650
 648 650 538
 648 538 419
 648 419 418
 648 418 537
 648 537 536
 539 538 650
 539 650 540
 423 651 652
 423 652 542
 423 542 541
 423 541 424
 542 652 653
 542 653 654
 542 654 543
 542 543 428
 542 428 427
 544 543 654
 544 654 655
 544 655 656
 544 656 545
 545 656 546
 545 546 432
 545 432 431
 435 548 547
 435 547 657
 435 657 549
 435 549 436
 549 657 658
 549 658 659
 549 659 550
 550 659 660
 550 660 552
 550 552 440
 550 440 439
 550 439 551
 552 660 661
 552 661 662
 552 662 663
 552 663 553
 553 663 664
 553 664 556
 553 556 555
 553 555 554
 556 664 665
 556 665 666
 556 666 667
 556 667 557
 557 667 668
 557 668 559
 557 559 558
 559 668 669
 559 669 670
 559 670 671
 559 671 561
 559 561 560
 561 671 672
 561 672 673
 561 673 563
 561 563 562
 563 673 674
 563 674 675
 563 675 564
 564 675 676
 564 676 677
 564 677 678
 564 678 566
 564 566 565
 566 678 679
 566 679 568
 566 568 567
 679 680 681
 679 681 682
 679 682 570
 679 570 569
 679 569 568
 570 682 683
 570 683 684
 570 684 571
 455 571 684
 455 684 575
 455 575 574
 455 574 573
 455 573 572
 455 572 456
 684 683 685
 684 685 686
 684 686 576
 684 576 575
 687 686 685
 687 685 688
 687 688 689
 687 689 690
 577 576 686
 577 686 687
 577 687 579
 577 579 578
 580 579 687
 580 687 690
 580 690 691
 580 691 692
 580 692 581
 582 581 692
 582 692 693
 582 693 694
 582 694 695
 582 695 583
 583 695 696
 583 696 697
 583 697 585
 583 585 584
 585 697 698
 585 698 699
 585 699 587
 585 587 586
 699 700 701
 699 701 590
 699 590 589
 699 589 588
 699 588 587
 701 702 595
 701 595 594
 701 594 592
 701 592 591
 701 591 590
 596 595 702
 596 702 703
 596 703 597
 598 597 703
 598 703 704
 598 704 705
 706 707 708
 706 708 601
 706 601 600
 601 708 709
 601 709 604
 601 604 602
 604 709 710
 604 710 711
 604 711 609
 604 609 607
 604 607 605
 711 712 610
 711 610 609
 610 712 713
 610 713 714
 610 714 715
 610 715 613
 610 613 612
 610 612 611
 715 716 717
 715 717 614
 715 614 613
 614 717 718
 614 718 617
 614 617 616
 614 616 615
 719 618 617
 719 617 718
 719 718 720
 619 618 719
 619 719 721
 619 721 621
 619 621 620
 622 621 721
 622 721 722
 622 722 623
 625 624 623
 625 623 722
 625 722 723
 625 723 626
 626 723 724
 626 724 725
 626 725 726
 626 726 628
 626 628 627
 629 628 726
 629 726 727
 629 727 630
 629 630 514
 629 514 398
 629 398 397
 727 728 729
 727 729 730
 727 730 631
 727 631 630
 730 731 732
 730 732 634
 730 634 633
 730 633 632
 730 632 631
 634 732 733
 634 733 636
 634 636 635
 636 733 734
 636 734 735
 636 735 736
 636 736 737
 636 737 738
 636 738 637
 637 738 739
 637 739 740
 637 740 640
 637 640 639
 637 639 638
 739 741 742
 739 742 740
 524 641 743
 524 743 642
 524 642 525
 743 744 745
 743 745 643
 743 643 642
 529 645 746
 529 746 646
 529 646 530
 646 746 747
 646 747 748
 646 748 647
 646 647 532
 646 532 531
 535 534 647
 535 647 748
 535 748 749
 535 749 649
 535 649 648
 540 650 649
 540 649 749
 540 749 750
 540 750 751
 540 751 651
 540 651 423
 540 423 422
 751 752 753
 751 753 653
 751 653 652
 751 652 651
 653 753 754
 653 754 755
 653 755 655
 653 655 654
 546 656 655
 546 655 755
 546 755 756
 546 756 658
 546 658 657
 546 657 547
 658 756 757
 658 757 661
 658 661 660
 658 660 659
 661 757 758
 661 758 759
 661 759 662
 662 759 760
 662 760 665
 662 665 664
 662 664 663
 665 760 761
 665 761 762
 665 762 763
 665 763 666
 666 763 764
 666 764 669
 666 669 668
 666 668 667
 669 764 765
 669 765 766
 669 766 670
 670 766 767
 670 767 672
 670 672 671
 672 767 768
 672 768 769
 672 769 770
 672 770 674
 672 674 673
 674 770 771
 674 771 772
 674 772 773
 674 773 676
 674 676 675
 676 773 774
 676 774 775
 676 775 677
 677 775 776
 677 776 680
 677 680 679
 677 679 678
 776 777 689
 776 689 688
 776 688 681
 776 681 680
 681 688 685
 681 685 683
 681 683 682
 690 689 777
 690 777 778
 690 778 779
 690 779 691
 779 778 780
 779 780 781
 779 781 782
 692 691 779
 692 779 782
 692 782 783
 692 783 784
 692 784 785
 692 785 693
 693 785 786
 693 786 787
 693 787 694
 694 787 788
 694 788 789
 694 789 696
 694 696 695
 696 789 790
 696 790 791
 696 791 698
 696 698 697
 698 791 792
 698 792 793
 698 793 700
 698 700 699
 793 794 704
 793 704 703
 793 703 702
 793 702 701
 793 701 700
 705 704 794
 705 794 795
 705 795 706
 705 706 600
 705 600 599
 795 796 797
 795 797 798
 795 798 707
 795 707 706
 798 799 710
 798 710 709
 798 709 708
 798 708 707
 710 799 800
 710 800 713
 710 713 712
 710 712 711
 801 802 714
 801 714 713
 801 713 800
 714 802 803
 714 803 804
 714 804 716
 714 716 715
 805 806 807
 805 807 804
 805 804 803
 720 718 717
 720 717 716
 720 716 804
 720 804 807
 720 807 808
 808 807 806
 808 806 809
 808 809 810
 808 810 811
 722 721 719
 722 719 720
 722 720 808
 722 808 811
 722 811 724
 722 724 723
 724 811 810
 724 810 812
 724 812 813
 724 813 814
 724 814 725
 726 725 814
 726 814 815
 726 815 728
 726 728 727
 815 816 817
 815 817 818
 815 818 729
 815 729 728
 729 818 819
 729 819 820
 729 820 821
 729 821 822
 729 822 731
 729 731 730
 822 823 734
 822 734 733
 822 733 732
 822 732 731
 734 823 824
 734 824 825
 734 825 826
 734 826 827
 734 827 735
 737 828 741
 737 741 739
 737 739 738
 736 829 828
 736 828 737
 640 740 742
 640 742 830
 640 830 744
 640 744 743
 640 743 641
 830 831 832
 830 832 745
 830 745 744
 643 745 832
 643 832 833
 643 833 747
 643 747 746
 643 746 645
 643 645 644
 748 747 833
 748 833 834
 748 834 835
 748 835 750
 748 750 749
 750 835 836
 750 836 837
 750 837 752
 750 752 751
 837 838 839
 837 839 754
 837 754 753
 837 753 752
 755 754 839
 755 839 840
 755 840 841
 755 841 758
 755 758 757
 755 757 756
 758 841 761
 758 761 760
 758 760 759
 761 841 840
 761 840 842
 761 842 843
 761 843 844
 761 844 762
 762 844 845
 762 845 765
 762 765 764
 762 764 763
 843 846 847
 843 847 848
 843 848 845
 843 845 844
 765 845 848
 765 848 768
 765 768 767
 765 767 766
 768 848 847
 768 847 849
 768 849 850
 768 850 851
 768 851 769
 769 851 852
 769 852 771
 769 771 770
 771 852 853
 771 853 854
 771 854 855
 771 855 856
 771 856 772
 772 856 857
 772 857 858
 772 858 859
 772 859 774
 772 774 773
 780 859 858
 780 858 860
 780 860 781
 774 859 780
 774 780 778
 774 778 777
 774 777 776
 774 776 775
 782 781 860
 782 860 861
 782 861 862
 782 862 783
 783 862 863
 783 863 864
 783 864 865
 783 865 784
 784 865 866
 784 866 867
 784 867 868
 784 868 869
 784 869 786
 784 786 785
 786 869 870
 786 870 871
 786 871 788
 786 788 787
 788 871 872
 788 872 873
 788 873 790
 788 790 789
 790 873 874
 790 874 875
 790 875 792
 790 792 791
 792 875 876
 792 876 877
 792 877 796
 792 796 795
 792 795 794
 792 794 793
 877 878 879
 877 879 797
 877 797 796
 797 879 801
 797 801 800
 797 800 799
 797 799 798
 880 881 805
 880 805 803
 880 803 802
 880 802 801
 880 801 879
 880 879 878
 882 883 881
 882 881 880
 884 885 809
 884 809 806
 884 806 805
 884 805 881
 884 881 883
 886 887 885
 886 885 884
 886 884 888
 810 809 885
 810 885 887
 810 887 889
 810 889 812
 812 889 890
 812 890 891
 812 891 892
 812 892 813
 814 813 892
 814 892 893
 814 893 894
 814 894 895
 814 895 816
 814 816 815
 895 896 897
 895 897 817
 895 817 816
 817 897 898
 817 898 899
 817 899 819
 817 819 818
 821 900 824
 821 824 823
 821 823 822
 901 902 903
 901 903 825
 901 825 824
 901 824 900
 735 827 904
 735 904 829
 735 829 736
 905 904 827
 905 827 826
 905 826 906
 905 906 907
 742 741 828
 742 828 829
 742 829 904
 742 904 905
 742 905 831
 742 831 830
 833 832 831
 833 831 905
 833 905 907
 833 907 908
 833 908 909
 833 909 834
 834 909 910
 834 910 911
 834 911 912
 834 912 836
 834 836 835
 836 912 913
 836 913 914
 836 914 838
 836 838 837
 839 838 914
 839 914 915
 839 915 916
 839 916 917
 839 917 842
 839 842 840
 842 917 918
 842 918 846
 842 846 843
 916 919 920
 916 920 918
 916 918 917
 847 846 918
 847 918 920
 847 920 849
 849 920 919
 849 919 921
 849 921 922
 849 922 923
 849 923 850
 850 923 924
 850 924 853
 850 853 852
 850 852 851
 853 924 925
 853 925 926
 853 926 927
 853 927 854
 854 927 928
 854 928 929
 854 929 855
 855 929 930
 855 930 931
 855 931 857
 855 857 856
 860 858 857
 860 857 931
 860 931 861
 863 932 933
 863 933 934
 863 934 864
 864 934 935
 864 935 866
 864 866 865
 868 936 937
 868 937 938
 868 938 939
 868 939 870
 868 870 869
 870 939 940
 870 940 941
 870 941 872
 870 872 871
 872 941 942
 872 942 943
 872 943 874
 872 874 873
 874 943 944
 874 944 945
 874 945 946
 874 946 876
 874 876 875
 876 946 947
 876 947 882
 876 882 880
 876 880 878
 876 878 877
 947 888 884
 947 884 883
 947 883 882
 945 948 886
 945 886 888
 945 888 947
 945 947 946
 949 890 889
 949 889 887
 949 887 886
 949 886 948
 950 951 952
 950 952 891
 950 891 890
 950 890 949
 892 891 952
 892 952 953
 892 953 954
 892 954 893
 894 955 956
 894 956 896
 894 896 895
 956 957 898
 956 898 897
 956 897 896
 820 958 901
 820 901 900
 820 900 821
 959 960 902
 959 902 901
 959 901 958
 825 903 906
 825 906 826
 907 906 903
 907 903 902
 907 902 960
 907 960 961
 907 961 962
 907 962 908
 908 962 963
 908 963 910
 908 910 909
 911 964 965
 911 965 913
 911 913 912
 913 965 966
 913 966 967
 913 967 968
 913 968 915
 913 915 914
 915 968 969
 915 969 921
 915 921 919
 915 919 916
 921 969 970
 921 970 971
 921 971 922
 922 971 972
 922 972 925
 922 925 924
 922 924 923
 925 972 973
 925 973 974
 925 974 926
 926 974 975
 926 975 976
 926 976 928
 926 928 927
 930 929 928
 930 928 976
 930 976 977
 930 977 978
 861 931 930
 861 930 978
 861 978 932
 861 932 863
 861 863 862
 866 935 979
 866 979 867
 867 979 980
 867 980 981
 867 981 936
 867 936 868
 938 982 983
 938 983 940
 938 940 939
 940 983 984
 940 984 985
 940 985 942
 940 942 941
 942 985 986
 942 986 987
 942 987 944
 942 944 943
 944 987 950
 944 950 949
 944 949 948
 944 948 945
 986 988 951
 986 951 950
 986 950 987
 952 951 988
 952 988 989
 952 989 953
 893 954 990
 893 990 991
 893 991 955
 893 955 894
 991 992 957
 991 957 956
 991 956 955
 819 899 993
 819 993 959
 819 959 958
 819 958 820
 993 994 961
 993 961 960
 993 960 959
 961 994 995
 961 995 996
 961 996 963
 961 963 962
 910 963 996
 910 996 997
 910 997 998
 910 998 964
 910 964 911
 999 966 965
 999 965 964
 999 964 998
 999 998 1000
 999 1000 1001
 967 1002 970
 967 970 969
 967 969 968
 1003 1004 973
 1003 973 972
 1003 972 971
 1003 971 970
 1003 970 1002
 1003 1002 1005
 973 1004 975
 973 975 974
 976 975 1004
 976 1004 1003
 976 1003 1006
 976 1006 977
 978 977 1006
 978 1006 933
 978 933 932
 981 1007 1008
 981 1008 937
 981 937 936
 937 1008 1009
 937 1009 1010
 937 1010 982
 937 982 938
 1010 1011 1012
 1010 1012 1013
 1010 1013 984
 1010 984 983
 1010 983 982
 984 1013 989
 984 989 988
 984 988 986
 984 986 985
 953 989 1013
 953 1013 1012
 953 1012 1014
 953 1014 990
 953 990 954
 990 1014 1015
 990 1015 992
 990 992 991
 898 957 992
 898 992 1015
 898 1015 1016
 898 1016 995
 898 995 994
 898 994 993
 898 993 899
 996 995 1016
 996 1016 1017
 996 1017 1018
 996 1018 997
 997 1018 1019
 997 1019 1000
 997 1000 998
 1005 1002 967
 1005 967 966
 1005 966 999
 1005 999 1020
 980 1020 999
 980 999 1001
 980 1001 1007
 980 1007 981
 933 1006 1003
 933 1003 1005
 933 1005 1020
 933 1020 980
 933 980 979
 933 979 935
 933 935 934
 1009 1021 1022
 1009 1022 1011
 1009 1011 1010
 1022 1017 1016
 1022 1016 1015
 1022 1015 1014
 1022 1014 1012
 1022 1012 1011
 1019 1018 1017
 1019 1017 1022
 1019 1022 1021
 1001 1000 1019
 1001 1019 1021
 1001 1021 1009
 1001 1009 1008
 1001 1008 1007
 268 373 483
 268 483 484
 268 484 593
 268 593 598
 268 598 705
 268 705 599
 268 599 603
 268 603 606
 268 606 486
 268 486 490
 268 490 377
 268 377 380
 268 380 485
 268 485 269
