1022 2040
   -0.082553     0.169146     0.613837
   -0.102247     0.158228     0.616852
   -0.102708     0.157845     0.616936
   -0.113367     0.146182     0.619134
   -0.059589     0.146182     0.613837
   -0.117841     0.143687     0.619329
   -0.123461     0.142942     0.618849
   -0.135267     0.131136     0.618849
   -0.136013     0.125515     0.619329
   -0.147050     0.105727     0.618467
   -0.155756     0.097771     0.616826
   -0.157359     0.095841     0.616478
   -0.160490     0.090193     0.615613
   -0.155330     0.051268     0.612288
   -0.147050     0.042988     0.612288
   -0.041837     0.141731     0.611650
   -0.145753     0.037815     0.611650
    0.052629     0.221223     0.574906
   -0.012209     0.195031     0.597866
   -0.013703     0.193537     0.598507
   -0.028159     0.141731     0.609402
    0.039342     0.109401     0.592988
    0.126930     0.109401     0.566418
    0.086256     0.207595     0.566418
   -0.073174     0.176942     0.611013
   -0.042583     0.207612     0.597866
   -0.054537     0.198619     0.602096
   -0.132559     0.145480     0.616936
   -0.137706     0.145196     0.616136
   -0.137951     0.140754     0.616826
   -0.174533     0.078119     0.609836
   -0.170572     0.026006     0.604490
   -0.165677     0.014188     0.604490
   -0.162291    -0.046983     0.594989
   -0.145753    -0.042368     0.598467
   -0.201428    -0.143867     0.560682
   -0.205155    -0.164822     0.553857
   -0.142828    -0.190639     0.553857
   -0.142828    -0.048476     0.596982
    0.102498    -0.116931     0.545391
   -0.109020    -0.270272     0.525453
   -0.076654    -0.307918     0.509966
    0.185073    -0.199507     0.509966
    0.280505     0.044201     0.511639
    0.239723    -0.221583     0.490614
    0.331614     0.000260     0.490614
    0.453014     0.099693     0.411484
    0.326626     0.174327     0.468351
    0.430373    -0.030888     0.442287
    0.488003    -0.030888     0.411484
    0.237812     0.212769     0.499898
    0.304033     0.196427     0.474167
    0.136087     0.314493     0.499898
    0.057818     0.256039     0.557927
    0.053436     0.244845     0.564538
   -0.039044     0.212068     0.595303
    0.011143     0.268545     0.557927
   -0.034893     0.219243     0.590873
   -0.145048     0.174366     0.602096
   -0.144608     0.173242     0.602760
   -0.143861     0.151351     0.612369
   -0.176875     0.198136     0.578500
   -0.205536     0.169475     0.578500
   -0.199226     0.161025     0.584764
   -0.177440     0.152497     0.597630
   -0.221440     0.078119     0.584764
   -0.242220     0.066098     0.571935
   -0.242134     0.064866     0.571805
   -0.205395    -0.072246     0.571805
   -0.209159    -0.174136     0.549108
   -0.271017    -0.256964     0.487699
   -0.215648    -0.312333     0.487699
   -0.213707    -0.307376     0.490627
   -0.217180    -0.342948     0.471116
   -0.215177    -0.346341     0.469589
   -0.067138    -0.386008     0.469589
   -0.067138    -0.338090     0.495202
    0.334222    -0.480342     0.361683
   -0.064725    -0.390178     0.467014
   -0.003563    -0.455679     0.423244
    0.062234    -0.488021     0.396533
    0.153504    -0.514625     0.369241
    0.224928    -0.509627     0.361683
    0.338764    -0.480091     0.360977
    0.333128    -0.314987     0.433444
    0.496004    -0.355336     0.347190
    0.503817    -0.320814     0.358526
    0.357527    -0.494104     0.347066
    0.495824    -0.355807     0.347066
    0.525585    -0.299522     0.352922
    0.534402    -0.294315     0.348955
    0.555893    -0.264286     0.341768
    0.557285    -0.262112     0.341335
    0.596578    -0.115470     0.341335
    0.597038    -0.108896     0.342031
    0.555006    -0.069647     0.370119
    0.582887     0.007565     0.334633
    0.626428    -0.108896     0.317911
    0.625603    -0.097869     0.316788
    0.608712    -0.012951     0.316788
    0.504130     0.093198     0.375409
    0.493397     0.098007     0.382309
    0.315744     0.334397     0.396952
    0.343717     0.322019     0.382309
    0.308190     0.341951     0.396952
    0.145229     0.328119     0.488153
    0.307787     0.342861     0.396476
    0.206371     0.410625     0.396476
    0.150373     0.370532     0.454078
    0.144511     0.345321     0.475726
    0.019038     0.300014     0.533391
    0.071531     0.386215     0.454078
    0.038866     0.356965     0.483415
    0.019038     0.331703     0.507384
   -0.202502     0.287636     0.507384
   -0.200505     0.279045     0.514761
   -0.202300     0.236034     0.545833
   -0.269402     0.335534     0.438568
   -0.346177     0.284234     0.438568
   -0.306852     0.244909     0.487321
   -0.306180     0.236995     0.491750
   -0.413211     0.304935     0.378471
   -0.437788     0.268153     0.378471
   -0.427607     0.253933     0.393098
   -0.347371     0.235275     0.461992
   -0.290672     0.078254     0.534157
   -0.458774     0.097245     0.393098
   -0.450412     0.087907     0.401485
   -0.438113     0.078254     0.413154
   -0.370064    -0.263855     0.413154
   -0.359987    -0.261512     0.421806
   -0.282611    -0.264742     0.477705
   -0.378489    -0.275623     0.401049
   -0.320984    -0.361685     0.401049
   -0.294022    -0.353359     0.425221
   -0.289773    -0.349110     0.430489
   -0.243509    -0.387110     0.425221
   -0.213187    -0.394002     0.435157
   -0.177982    -0.426380     0.418393
   -0.167112    -0.427150     0.419959
   -0.035814    -0.453267     0.419959
    0.182064    -0.525762     0.355438
    0.276458    -0.546147     0.323300
    0.310787    -0.543580     0.319803
    0.316053    -0.542532     0.319803
    0.358215    -0.539547     0.313730
    0.361729    -0.536315     0.315404
    0.362308    -0.535024     0.316233
    0.363636    -0.503209     0.339218
    0.388514    -0.517513     0.316233
    0.392162    -0.511857     0.318626
    0.394817    -0.505856     0.321767
    0.493376    -0.365917     0.343113
    0.416394    -0.484279     0.321767
    0.428527    -0.466950     0.324447
    0.484524    -0.381898     0.339436
    0.533178    -0.299701     0.347190
    0.613690    -0.162860     0.319556
    0.577970    -0.233903     0.331745
    0.607421    -0.176271     0.321510
    0.619110    -0.152155     0.316855
    0.626130    -0.116861     0.316855
    0.626703    -0.109203     0.317635
    0.633239    -0.109203     0.309671
    0.636681    -0.105313     0.304726
    0.644484    -0.093725     0.292982
    0.643883    -0.086366     0.292294
    0.639127    -0.056339     0.292294
    0.613500    -0.013426     0.311511
    0.638261    -0.046219     0.291004
    0.602928     0.028870     0.298765
    0.513938     0.203522     0.298765
    0.427797     0.316529     0.308522
    0.507453     0.227756     0.289858
    0.421070     0.331630     0.300660
    0.304932     0.447767     0.300660
    0.301308     0.442095     0.309388
    0.219200     0.434796     0.366429
    0.304916     0.448086     0.300299
    0.241158     0.480573     0.300299
    0.219078     0.468787     0.327041
    0.217149     0.455441     0.343675
    0.076851     0.409755     0.426421
    0.097724     0.488008     0.327041
    0.076851     0.489714     0.328991
    0.060442     0.500763     0.312361
   -0.012071     0.494837     0.305587
   -0.262650     0.455149     0.305587
   -0.272639     0.454295     0.304314
   -0.282067     0.359395     0.408906
   -0.305632     0.471906     0.264353
   -0.456260     0.395157     0.264353
   -0.456362     0.393128     0.266648
   -0.444004     0.373792     0.296406
   -0.446337     0.338062     0.327762
   -0.501056     0.348434     0.266648
   -0.502948     0.344186     0.268860
   -0.489006     0.335276     0.290316
   -0.485280     0.293360     0.319435
   -0.512468     0.337494     0.261767
   -0.537604     0.288162     0.261767
   -0.544563     0.283168     0.255059
   -0.545924     0.281365     0.253932
   -0.488128     0.103879     0.358610
   -0.573097     0.251839     0.226520
   -0.579790     0.241030     0.220451
   -0.601513     0.103879     0.220451
   -0.603682     0.101427     0.217335
   -0.613213     0.087274     0.202990
   -0.608936     0.034943     0.198101
   -0.570747    -0.206175     0.198101
   -0.552597    -0.225897     0.216411
   -0.528972    -0.257184     0.235977
   -0.502452    -0.276216     0.261538
   -0.398975    -0.286496     0.375584
   -0.463936    -0.351808     0.261538
   -0.449217    -0.362154     0.272506
   -0.405894    -0.364327     0.321513
   -0.403711    -0.365360     0.322884
   -0.329504    -0.370205     0.388007
   -0.386456    -0.382616     0.322884
   -0.368687    -0.390531     0.332135
   -0.328913    -0.379248     0.380072
   -0.285564    -0.390849     0.396005
   -0.244211    -0.411920     0.396005
   -0.177768    -0.428526     0.416028
   -0.131665    -0.463340     0.387196
   -0.080251    -0.467737     0.393751
    0.032449    -0.485587     0.393751
    0.297997    -0.551997     0.312014
    0.324470    -0.549834     0.309541
    0.328186    -0.549246     0.309541
    0.355963    -0.546870     0.306000
    0.356426    -0.546520     0.306290
    0.357698    -0.544747     0.307998
    0.367703    -0.539650     0.307998
    0.369558    -0.537011     0.309965
    0.384877    -0.523265     0.313186
    0.386950    -0.520820     0.314158
    0.411224    -0.492795     0.318626
    0.533265    -0.300687     0.346505
    0.548271    -0.279245     0.341768
    0.629801    -0.128134     0.310206
    0.620879    -0.149018     0.315567
    0.630471    -0.126682     0.309671
    0.653130    -0.050075     0.266055
    0.645144    -0.093725     0.291748
    0.654209    -0.076984     0.270665
    0.656098    -0.072622     0.266055
    0.653008    -0.048804     0.265917
    0.648303    -0.000104     0.237542
    0.606231     0.101466     0.237542
    0.657368    -0.033608     0.246372
    0.550491     0.218709     0.231467
    0.585509     0.171591     0.214737
    0.533924     0.253530     0.215044
    0.411467     0.413120     0.215044
    0.404224     0.427102     0.207018
    0.395950     0.435375     0.207018
    0.378148     0.444597     0.217237
    0.308624     0.452790     0.290282
    0.324515     0.485752     0.217237
    0.322189     0.486858     0.218334
    0.301868     0.484928     0.246680
    0.301854     0.484932     0.246684
    0.241914     0.482204     0.297235
    0.252417     0.505409     0.246684
    0.237119     0.509548     0.250716
    0.230225     0.513431     0.245832
    0.206474     0.515718     0.248413
    0.065944     0.534219     0.248413
    0.060442     0.534702     0.248864
   -0.026350     0.572309     0.157130
   -0.118225     0.564245     0.149587
   -0.227834     0.549815     0.149587
   -0.296143     0.543237     0.142166
   -0.307823     0.476632     0.255476
   -0.307973     0.546631     0.126950
   -0.394800     0.510666     0.126950
   -0.414407     0.492218     0.145894
   -0.419293     0.481705     0.161467
   -0.447667     0.445739     0.194150
   -0.457870     0.397200     0.260003
   -0.459833     0.436403     0.194150
   -0.486212     0.400063     0.220192
   -0.487099     0.393755     0.229295
   -0.498252     0.372224     0.241654
   -0.513879     0.351858     0.241654
   -0.521630     0.335568     0.249337
   -0.545487     0.303468     0.237939
   -0.556607     0.291649     0.226520
   -0.587529     0.232099     0.209384
   -0.621576     0.171654     0.166560
   -0.623916     0.167949     0.163095
   -0.633571     0.144937     0.150700
   -0.641162     0.087274     0.150700
   -0.649364     0.072126     0.131624
   -0.661212     0.044782     0.102724
   -0.657855     0.006536     0.099584
   -0.643656    -0.101316     0.099584
   -0.641799    -0.120597     0.097489
   -0.603385    -0.188797     0.145807
   -0.591475    -0.202540     0.162837
   -0.554064    -0.292859     0.162837
   -0.531678    -0.316651     0.185826
   -0.526814    -0.323195     0.188149
   -0.500210    -0.344183     0.212324
   -0.483305    -0.366214     0.212324
   -0.481853    -0.367268     0.213365
   -0.448054    -0.372017     0.262143
   -0.439709    -0.376340     0.266934
   -0.411613    -0.397899     0.266934
   -0.368009    -0.393757     0.327757
   -0.298228    -0.414378     0.350450
   -0.199347    -0.455336     0.350450
   -0.129767    -0.474160     0.368788
   -0.097735    -0.492203     0.346094
   -0.022100    -0.499486     0.354311
    0.168329    -0.524557     0.354311
    0.336916    -0.553005     0.300543
    0.308392    -0.556502     0.301027
    0.314289    -0.555984     0.300543
    0.355196    -0.551245     0.298557
    0.363470    -0.546841     0.300350
    0.357070    -0.551783     0.296147
    0.362151    -0.549678     0.296147
    0.367180    -0.542137     0.304624
    0.376205    -0.535213     0.304624
    0.407193    -0.500578     0.314158
    0.469404    -0.413678     0.324447
    0.578201    -0.238973     0.327469
    0.584004    -0.232806     0.321510
    0.638496    -0.112435     0.299577
    0.643783    -0.104064     0.291748
    0.666759    -0.036681     0.218757
    0.661675    -0.071015     0.248269
    0.668776    -0.071015     0.224860
    0.675770    -0.042562     0.191234
    0.675137    -0.036936     0.191234
    0.673338     0.015297     0.136514
    0.643595     0.100297     0.136514
    0.676350     0.004672     0.138858
    0.626825     0.153596     0.121977
    0.602952     0.208343     0.089435
    0.511631     0.353679     0.089435
    0.625128     0.163906     0.107196
    0.495813     0.382228     0.075417
    0.472822     0.401862     0.093666
    0.414773     0.459910     0.093666
    0.382324     0.472410     0.145822
    0.380896     0.473201     0.146523
    0.346614     0.494742     0.146523
    0.316605     0.499680     0.189546
    0.306447     0.502876     0.192317
    0.224271     0.531631     0.192317
    0.219547     0.533964     0.187059
    0.176636     0.549799     0.155759
    0.173401     0.550131     0.156048
   -0.026350     0.572637     0.156048
   -0.148594     0.597915     0.027312
   -0.175423     0.595456     0.025454
   -0.262640     0.585629     0.025454
   -0.044406     0.577076     0.134709
   -0.301280     0.581663     0.022007
   -0.310752     0.552715     0.107132
   -0.312028     0.581977     0.008479
   -0.347624     0.569521     0.008479
   -0.369115     0.549978     0.048404
   -0.382082     0.539865     0.061393
   -0.385301     0.537843     0.061393
   -0.396807     0.527464     0.071126
   -0.421523     0.490634     0.136970
   -0.453776     0.452864     0.166949
   -0.461430     0.445211     0.166949
   -0.490117     0.407489     0.190568
   -0.494095     0.397162     0.207167
   -0.510309     0.367898     0.221537
   -0.558827     0.290682     0.221537
   -0.563925     0.284145     0.214989
   -0.586974     0.243930     0.197480
   -0.611173     0.204365     0.163095
   -0.653755     0.101781     0.106134
   -0.650425     0.110804     0.112716
   -0.664305     0.074294     0.081564
   -0.667631     0.044782     0.081564
   -0.674701     0.016019     0.047571
   -0.676181     0.008621     0.039945
   -0.668129    -0.062848     0.039945
   -0.667765    -0.066387     0.039629
   -0.659681    -0.091215     0.054427
   -0.655529    -0.102466     0.062635
   -0.647496    -0.118734     0.080737
   -0.614327    -0.213525     0.080737
   -0.601220    -0.234955     0.099361
   -0.584526    -0.264083     0.112043
   -0.566210    -0.287569     0.135568
   -0.529873    -0.345397     0.135568
   -0.520467    -0.351710     0.152386
   -0.518758    -0.353169     0.153742
   -0.475727    -0.383915     0.185857
   -0.485518    -0.386409     0.153742
   -0.479219    -0.388836     0.163866
   -0.411786    -0.398149     0.266053
   -0.395895    -0.434634     0.184138
   -0.410034    -0.432307     0.163866
   -0.353001    -0.448130     0.195837
   -0.134123    -0.524719     0.195837
   -0.106840    -0.532453     0.201856
   -0.084777    -0.531810     0.229628
    0.035787    -0.544182     0.240384
    0.225712    -0.565582     0.240384
    0.294636    -0.571900     0.245155
    0.308392    -0.568518     0.261413
    0.357013    -0.562310     0.263820
    0.356991    -0.563043     0.261413
    0.359044    -0.556103     0.282071
    0.362390    -0.555946     0.278704
    0.358418    -0.563084     0.259617
    0.362857    -0.561531     0.259617
    0.363784    -0.560688     0.261340
    0.363972    -0.552313     0.286862
    0.371843    -0.552846     0.269926
    0.370442    -0.550873     0.278747
    0.368620    -0.557649     0.261340
    0.433961    -0.490728     0.269926
    0.461273    -0.450205     0.278634
    0.443186    -0.482850     0.262604
    0.603101    -0.224488     0.278634
    0.618312    -0.203755     0.260489
    0.615926    -0.208042     0.262161
    0.618226    -0.204030     0.260414
    0.654413    -0.100586     0.260489
    0.656944    -0.095459     0.254784
    0.668495    -0.073506     0.224860
    0.682236    -0.000871     0.092156
    0.682236    -0.041685     0.132970
    0.689779    -0.041685     0.056386
    0.685905    -0.002346     0.056386
    0.680863    -0.042562     0.146037
    0.677439     0.037317     0.016785
    0.653506     0.116215     0.016785
    0.682674     0.013375     0.039304
    0.644932     0.142801     0.011140
    0.642355     0.148941     0.003201
    0.615005     0.208477    -0.047205
    0.566400     0.299411    -0.047205
    0.546767     0.333903    -0.060689
    0.540769     0.343448    -0.060689
    0.495877     0.382286     0.074758
    0.537165     0.348280    -0.064446
    0.485459     0.411284    -0.064446
    0.467453     0.429290    -0.030855
    0.466880     0.428717    -0.019997
    0.415559     0.460767     0.084735
    0.443234     0.449166    -0.030855
    0.405392     0.474592     0.027726
    0.404881     0.473110     0.047495
    0.347653     0.496080     0.133362
    0.356124     0.500926     0.027726
    0.341029     0.507860     0.040507
    0.330516     0.512273     0.054101
    0.330523     0.512154     0.055396
    0.164570     0.562612     0.054101
    0.098421     0.577076    -0.008119
    0.094869     0.577806    -0.011979
    0.032788     0.584331    -0.016148
   -0.148594     0.602196    -0.016148
   -0.248559     0.602196    -0.116113
   -0.306135     0.596525    -0.116113
   -0.306565     0.595456    -0.105687
   -0.315029     0.586466    -0.034367
   -0.308743     0.595989    -0.118947
   -0.318759     0.592951    -0.118947
   -0.326777     0.589585    -0.108580
   -0.336934     0.583963    -0.080355
   -0.337046     0.582139    -0.060487
   -0.348833     0.571078    -0.006838
   -0.361125     0.567709    -0.042906
   -0.360652     0.566335    -0.024571
   -0.366468     0.563324    -0.042906
   -0.411510     0.518282     0.041122
   -0.426182     0.501651     0.051769
   -0.517497     0.389192     0.061936
   -0.526146     0.376320     0.081864
   -0.507741     0.402271     0.051769
   -0.528801     0.371655     0.083687
   -0.627545     0.186918     0.083687
   -0.641390     0.156780     0.058171
   -0.655689     0.122717     0.014126
   -0.672806     0.066290     0.014126
   -0.674701     0.057620     0.005971
   -0.682633     0.019026    -0.035964
   -0.683716     0.008027    -0.035964
   -0.677111     0.008027     0.031098
   -0.677111    -0.054544    -0.031474
   -0.683716    -0.005746    -0.049738
   -0.680566    -0.037735    -0.049738
   -0.667489    -0.070301     0.038165
   -0.675267    -0.062977    -0.023542
   -0.643919    -0.161545    -0.007457
   -0.649140    -0.149106    -0.023542
   -0.625519    -0.201598     0.026454
   -0.563770    -0.315794     0.034453
   -0.575417    -0.295333     0.026454
   -0.563749    -0.315828     0.034453
   -0.562514    -0.317483     0.035740
   -0.530055    -0.345564     0.133673
   -0.511570    -0.379559     0.035740
   -0.509880    -0.377869     0.067747
   -0.489411    -0.390653     0.109519
   -0.492152    -0.398977    -0.000486
   -0.469198    -0.417815    -0.000486
   -0.468263    -0.415098     0.035762
   -0.413682    -0.437005     0.117656
   -0.431217    -0.443333    -0.059281
   -0.374807    -0.473485    -0.059281
   -0.359840    -0.480361    -0.071954
   -0.082295    -0.558519    -0.004944
   -0.351004    -0.484070    -0.083379
   -0.164850    -0.540539    -0.083379
   -0.087665    -0.557416    -0.010778
   -0.015104    -0.565582    -0.000432
    0.184332    -0.585224    -0.000432
    0.296008    -0.585224     0.111244
    0.296008    -0.574047     0.224733
    0.358473    -0.578545     0.116599
    0.360282    -0.574047     0.160459
    0.353545    -0.579557     0.111244
    0.363478    -0.570653     0.187384
    0.368409    -0.575531     0.116599
    0.368774    -0.569612     0.181101
    0.368980    -0.569418     0.182041
    0.375734    -0.572456     0.107128
    0.373995    -0.567406     0.174517
    0.375730    -0.565400     0.180570
    0.383729    -0.568030     0.084912
    0.404204    -0.554274     0.053216
    0.408941    -0.550386     0.053216
    0.405416    -0.546860     0.119989
    0.444588    -0.484137     0.247993
    0.447536    -0.511791    -0.018784
    0.452013    -0.506716    -0.022033
    0.534085    -0.406711    -0.022033
    0.538635    -0.400611    -0.026775
    0.656763    -0.162963     0.073500
    0.546226    -0.389313    -0.044265
    0.546745    -0.388402    -0.044621
    0.638926    -0.215944    -0.044621
    0.650908    -0.189860    -0.022538
    0.662343    -0.162620     0.012684
    0.673664    -0.076962     0.175533
    0.687848    -0.067373     0.050301
    0.680863    -0.070183     0.118417
    0.680485    -0.102813     0.012684
    0.681819    -0.096712     0.018423
    0.689779    -0.047770     0.050301
    0.682674    -0.047770    -0.021840
    0.672577     0.041894    -0.021784
    0.682582    -0.047828    -0.022712
    0.673645     0.031494    -0.022712
    0.652927     0.095143    -0.060625
    0.645769     0.109639    -0.076757
    0.643461     0.115325    -0.079220
    0.608405     0.215510    -0.079220
    0.590308     0.245098    -0.104934
    0.563957     0.291075    -0.124951
    0.546047     0.314040    -0.147955
    0.509487     0.372225    -0.147955
    0.503936     0.378379    -0.153160
    0.484183     0.410008    -0.088612
    0.498322     0.382146    -0.163197
    0.491988     0.387555    -0.168225
    0.459911     0.419632    -0.168225
    0.463140     0.423150    -0.131557
    0.442493     0.447016    -0.059552
    0.455482     0.421338    -0.175344
    0.388804     0.463235    -0.175344
    0.391959     0.467299    -0.135374
    0.380138     0.464661    -0.187769
    0.342174     0.476606    -0.198123
    0.139893     0.547387    -0.198123
    0.117547     0.553722    -0.203052
    0.102023     0.553269    -0.222594
   -0.010548     0.564822    -0.232636
   -0.183699     0.584331    -0.232636
   -0.247415     0.590172    -0.237047
   -0.248559     0.591963    -0.220008
   -0.310362     0.591963    -0.158205
   -0.259126     0.587293    -0.250888
   -0.308011     0.581785    -0.250888
   -0.308948     0.581812    -0.249709
   -0.313504     0.588627    -0.184674
   -0.319093     0.587528    -0.178043
   -0.313713     0.580145    -0.249709
   -0.319297     0.587336    -0.178974
   -0.325188     0.584972    -0.170135
   -0.327048     0.582822    -0.176622
   -0.315138     0.578849    -0.252355
   -0.320380     0.575555    -0.252355
   -0.363316     0.560172    -0.102607
   -0.407246     0.487713    -0.257665
   -0.408086     0.488484    -0.248904
   -0.324746     0.569049    -0.263986
   -0.399282     0.494514    -0.263986
   -0.597690     0.178945    -0.281250
   -0.605781     0.168570    -0.270858
   -0.605985     0.168728    -0.268854
   -0.433858     0.439681    -0.281250
   -0.648761     0.123143    -0.061376
   -0.608371     0.160337    -0.273103
   -0.648243     0.046390    -0.273103
   -0.660094     0.023866    -0.242402
   -0.667321     0.028698    -0.173426
   -0.673837     0.022563    -0.121738
   -0.660377     0.021353    -0.242402
   -0.666848    -0.004967    -0.211296
   -0.673837    -0.004967    -0.149268
   -0.675057    -0.005746    -0.137655
   -0.675057    -0.039951    -0.103451
   -0.669384    -0.045292    -0.148458
   -0.666644    -0.006773    -0.211296
   -0.667735    -0.044190    -0.164196
   -0.648981    -0.149116    -0.025282
   -0.626513    -0.173058    -0.134254
   -0.637323    -0.131102    -0.164196
   -0.629136    -0.157123    -0.157099
   -0.616197    -0.193731    -0.125992
   -0.516289    -0.354637    -0.118086
   -0.517551    -0.355795    -0.104932
   -0.525210    -0.338536    -0.125992
   -0.491186    -0.398012    -0.018779
   -0.441507    -0.429037    -0.120162
   -0.496744    -0.371327    -0.133599
   -0.440324    -0.427748    -0.133599
   -0.430625    -0.441615    -0.082214
   -0.370477    -0.465757    -0.172463
   -0.407358    -0.440446    -0.186584
   -0.406444    -0.440953    -0.187033
   -0.369326    -0.464275    -0.187033
   -0.351006    -0.484027    -0.083845
   -0.229859    -0.507835    -0.227574
   -0.339508    -0.469182    -0.229781
   -0.326260    -0.473350    -0.233395
   -0.235090    -0.505252    -0.233395
   -0.177425    -0.527185    -0.189328
    0.054017    -0.554245    -0.180600
    0.066914    -0.557416    -0.165358
   -0.177036    -0.527225    -0.189362
    0.038889    -0.551554    -0.189362
    0.184332    -0.580901    -0.044324
    0.213281    -0.578247    -0.042320
    0.354072    -0.578247     0.098471
    0.299818    -0.568497    -0.042320
    0.339421    -0.564433    -0.038787
    0.358835    -0.564999    -0.014349
    0.362037    -0.569789     0.031361
    0.383885    -0.565495     0.057281
    0.392287    -0.553294    -0.014349
    0.394226    -0.555791     0.010214
    0.403451    -0.552088     0.024056
    0.410066    -0.537126    -0.047378
    0.417248    -0.531525    -0.054572
    0.425996    -0.526028    -0.054572
    0.428826    -0.523476    -0.056966
    0.452565    -0.488100    -0.120208
    0.474162    -0.462811    -0.140282
    0.488200    -0.448773    -0.140282
    0.508785    -0.421705    -0.157230
    0.511570    -0.414473    -0.168853
    0.523646    -0.392678    -0.179556
    0.572003    -0.315718    -0.179556
    0.580069    -0.305375    -0.169196
    0.600409    -0.269887    -0.153745
    0.623064    -0.232847    -0.121555
    0.660120    -0.142987    -0.078148
    0.637142    -0.192616    -0.121555
    0.645780    -0.172027    -0.110465
    0.665277    -0.129011    -0.067954
    0.672417    -0.110410    -0.051327
    0.676685    -0.072527    -0.051327
    0.681819    -0.051643    -0.026645
    0.667369    -0.072527    -0.082038
    0.663972    -0.033830    -0.078861
    0.647634     0.090271    -0.078861
    0.592119     0.206475    -0.143798
    0.579721     0.220782    -0.161526
    0.540002     0.316673    -0.161526
    0.515243     0.342986    -0.186951
    0.503531     0.358746    -0.192547
    0.477720     0.379108    -0.216001
    0.463075     0.398194    -0.216001
    0.458293     0.401665    -0.219428
    0.452566     0.417229    -0.193710
    0.431607     0.405415    -0.257940
    0.420892     0.410966    -0.264091
    0.396450     0.429720    -0.264091
    0.395071     0.430377    -0.264742
    0.297926     0.445630    -0.333187
    0.207948     0.482900    -0.333187
    0.360618     0.427104    -0.312800
    0.146003     0.499659    -0.349512
    0.113589     0.517917    -0.326548
    0.038795     0.525120    -0.334673
   -0.129258     0.547244    -0.334673
   -0.145773     0.548694    -0.336029
   -0.227679     0.566382    -0.308142
   -0.249351     0.572268    -0.296787
   -0.259126     0.576504    -0.286456
   -0.267558     0.575763    -0.285764
   -0.308012     0.581753    -0.250991
   -0.288648     0.572987    -0.285764
   -0.308379     0.571087    -0.283620
   -0.308560     0.571139    -0.283387
   -0.310264     0.574870    -0.271232
   -0.313917     0.574699    -0.267556
   -0.314807     0.568551    -0.283387
   -0.315904     0.570138    -0.277796
   -0.324207     0.568290    -0.267382
   -0.316403     0.565117    -0.288474
   -0.323156     0.556558    -0.296252
   -0.330636     0.550818    -0.296252
   -0.342501     0.534472    -0.307966
   -0.354191     0.520684    -0.313450
   -0.369347     0.505528    -0.313450
   -0.395066     0.463308    -0.328826
   -0.442302     0.401748    -0.328826
   -0.376385     0.491942    -0.321249
   -0.385309     0.477244    -0.326671
   -0.489478     0.311706    -0.357887
   -0.534148     0.238660    -0.361685
   -0.540384     0.229748    -0.359716
   -0.566226     0.194977    -0.347370
   -0.569937     0.191033    -0.343560
   -0.459774     0.365025    -0.346146
   -0.483104     0.322904    -0.355840
   -0.597381     0.124776    -0.343560
   -0.609422     0.099015    -0.339806
   -0.611373     0.095162    -0.338833
   -0.611432     0.095057    -0.338790
   -0.621791     0.070810    -0.332566
   -0.629393     0.057314    -0.323005
   -0.633266     0.051183    -0.317270
   -0.647881     0.046401    -0.274292
   -0.634631     0.040808    -0.317270
   -0.644043     0.023426    -0.295380
   -0.644479     0.023426    -0.294040
   -0.651672     0.021353    -0.271098
   -0.655886    -0.007101    -0.246640
   -0.646022    -0.010328    -0.275643
   -0.641620     0.005017    -0.295380
   -0.642350    -0.023902    -0.272066
   -0.601318    -0.122961    -0.272066
   -0.585623    -0.176076    -0.254793
   -0.548184    -0.235327    -0.255438
   -0.559921    -0.210659    -0.267072
   -0.426925    -0.397017    -0.248968
   -0.432763    -0.385747    -0.255438
   -0.421249    -0.402693    -0.248968
   -0.402264    -0.412528    -0.259867
   -0.348373    -0.453879    -0.259867
   -0.345599    -0.455199    -0.261175
   -0.326199    -0.453357    -0.288235
   -0.321580    -0.454721    -0.289737
   -0.270267    -0.475976    -0.289737
   -0.253073    -0.480628    -0.294269
   -0.240904    -0.487483    -0.285647
   -0.061659    -0.510141    -0.288535
   -0.214321    -0.490042    -0.288535
   -0.055426    -0.510688    -0.289047
    0.147912    -0.546004    -0.172891
    0.347393    -0.540065    -0.110441
    0.241015    -0.533747    -0.172891
    0.315447    -0.526580    -0.164804
    0.345123    -0.535094    -0.126635
    0.431229    -0.499428    -0.126635
    0.440386    -0.490812    -0.135483
    0.444458    -0.482051    -0.148461
    0.461137    -0.460908    -0.167673
    0.480261    -0.446234    -0.167673
    0.500307    -0.418617    -0.187464
    0.501035    -0.413441    -0.194935
    0.508158    -0.399689    -0.202828
    0.527777    -0.374122    -0.202828
    0.533298    -0.362517    -0.208302
    0.557839    -0.329497    -0.196578
    0.569971    -0.316603    -0.184119
    0.587933    -0.273238    -0.184119
    0.591102    -0.268121    -0.181246
    0.601029    -0.256665    -0.167049
    0.636814    -0.193134    -0.122039
    0.659577    -0.090511    -0.101046
    0.655527    -0.097990    -0.110465
    0.617964    -0.097990    -0.180739
    0.613520    -0.043610    -0.175660
    0.571414     0.222238    -0.175660
    0.552288     0.243021    -0.194954
    0.513059     0.294973    -0.227443
    0.486639     0.313932    -0.252907
    0.450517     0.384826    -0.252907
    0.432545     0.397459    -0.266299
    0.393216     0.401657    -0.308140
    0.378966     0.415906    -0.308140
    0.398476     0.399168    -0.304838
    0.361320     0.423767    -0.317327
    0.288863     0.425049    -0.371475
    0.252526     0.443564    -0.371475
    0.328472     0.414449    -0.356916
    0.191318     0.458863    -0.389920
    0.147333     0.492076    -0.362413
    0.091109     0.496885    -0.369581
   -0.009485     0.512817    -0.369581
   -0.105871     0.533133    -0.355313
   -0.046571     0.515848    -0.373045
   -0.276970     0.570011    -0.294207
   -0.309117     0.566880    -0.290777
   -0.282209     0.569181    -0.294207
   -0.311733     0.564904    -0.292413
   -0.323220     0.556249    -0.296671
   -0.314903     0.560487    -0.296671
   -0.331742     0.544127    -0.305703
   -0.355614     0.517676    -0.315338
   -0.364626     0.503701    -0.321249
   -0.556044     0.199858    -0.359063
   -0.565840     0.186498    -0.354521
   -0.553942     0.203140    -0.359716
   -0.627087     0.048264    -0.329548
   -0.621832     0.070335    -0.332627
   -0.624944     0.050685    -0.332627
   -0.632107     0.040808    -0.321992
   -0.631937     0.038720    -0.321797
   -0.640505     0.005096    -0.297486
   -0.626601     0.002658    -0.321140
   -0.627041     0.007812    -0.321797
   -0.604986    -0.025966    -0.339041
   -0.598149    -0.053319    -0.330798
   -0.519104    -0.208454    -0.330798
   -0.516046    -0.219881    -0.326598
   -0.442051    -0.306930    -0.338245
   -0.446107    -0.297824    -0.342985
   -0.330966    -0.418015    -0.338245
   -0.333067    -0.420682    -0.332566
   -0.260476    -0.451941    -0.341269
   -0.328456    -0.417303    -0.341269
   -0.257995    -0.452561    -0.342017
   -0.238229    -0.442010    -0.365958
   -0.107239    -0.462757    -0.365958
   -0.055426    -0.486087    -0.335071
   -0.087701    -0.464353    -0.367783
    0.027407    -0.479318    -0.327334
    0.324215    -0.476579    -0.249867
    0.238273    -0.445920    -0.327334
    0.264497    -0.443677    -0.323991
    0.323584    -0.475217    -0.252424
    0.470355    -0.417056    -0.227168
    0.453124    -0.409214    -0.252424
    0.467356    -0.413251    -0.235272
    0.511360    -0.372517    -0.231377
    0.507917    -0.372690    -0.235272
    0.522297    -0.364829    -0.223227
    0.556837    -0.307489    -0.215138
    0.548444    -0.313512    -0.223227
    0.558778    -0.304919    -0.213531
    0.615949    -0.111246    -0.181246
    0.616903    -0.099566    -0.182337
    0.491908    -0.099566    -0.334643
    0.462284    -0.092872    -0.369448
    0.448076    -0.077005    -0.383699
    0.440873    -0.071351    -0.390533
    0.366714     0.301472    -0.390533
    0.376653     0.315355    -0.376253
    0.391737     0.323361    -0.357503
    0.321334     0.398147    -0.376253
    0.329034     0.405847    -0.364465
    0.298381     0.391058    -0.396830
    0.252366     0.421805    -0.396830
    0.223617     0.428339    -0.406250
    0.191408     0.457962    -0.390913
    0.177368     0.458956    -0.392935
    0.051511     0.483990    -0.392935
    0.012270     0.486925    -0.396933
   -0.265034     0.563588    -0.304337
   -0.315097     0.558536    -0.298821
   -0.276801     0.561248    -0.304337
   -0.330850     0.544047    -0.306323
   -0.337134     0.530024    -0.315338
   -0.369210     0.493343    -0.326671
   -0.496147     0.294277    -0.362454
   -0.534049     0.237552    -0.362454
   -0.536253     0.227856    -0.365631
   -0.618405     0.059811    -0.338833
   -0.619088     0.050685    -0.339763
   -0.615232     0.044079    -0.343187
   -0.615419     0.046589    -0.343442
   -0.601224    -0.026340    -0.343187
   -0.575347    -0.046898    -0.361068
   -0.510965    -0.116901    -0.394402
   -0.494339    -0.124351    -0.405091
   -0.375340    -0.302445    -0.405091
   -0.332681    -0.326972    -0.422114
   -0.326938    -0.414927    -0.344926
   -0.342817    -0.316836    -0.422114
   -0.239776    -0.407179    -0.405478
   -0.324661    -0.328914    -0.425250
   -0.231334    -0.391273    -0.425250
   -0.237095    -0.434168    -0.375733
   -0.087701    -0.385520    -0.463842
   -0.178544    -0.353477    -0.479552
   -0.084679    -0.372148    -0.479552
   -0.058971    -0.349127    -0.502642
    0.271147    -0.376745    -0.397759
   -0.048566    -0.335871    -0.515219
    0.172668    -0.291865    -0.515219
    0.258842    -0.353564    -0.426575
    0.442086    -0.391942    -0.279004
    0.443763    -0.366257    -0.301545
    0.328913    -0.306744    -0.426575
    0.408975    -0.331469    -0.354798
    0.492838    -0.363053    -0.258478
    0.488959    -0.319422    -0.288789
    0.435857    -0.291237    -0.354798
    0.425660    -0.276995    -0.369448
    0.273668    -0.071351    -0.527755
    0.235038    -0.061660    -0.557875
    0.234451    -0.053265    -0.556987
    0.362162     0.300414    -0.394441
    0.197616     0.084206    -0.556987
    0.193758     0.153865    -0.546169
    0.198634     0.181288    -0.537237
    0.211026     0.210112    -0.522541
    0.274987     0.295754    -0.459045
    0.286633     0.303567    -0.449007
    0.293658     0.386335    -0.402685
    0.222303     0.348438    -0.459045
    0.223774     0.377820    -0.443129
    0.225612     0.380560    -0.440768
    0.075706     0.417494    -0.443129
    0.073432     0.421425    -0.440702
   -0.183835     0.527678    -0.347063
   -0.336159     0.486863    -0.347063
   -0.338773     0.490759    -0.343705
   -0.341664     0.464344    -0.355840
   -0.336150     0.486686    -0.347159
   -0.534192     0.229073    -0.366558
   -0.504283     0.258329    -0.374258
   -0.594292     0.057114    -0.359063
   -0.595029     0.046589    -0.360177
   -0.555065     0.009272    -0.386882
   -0.493770    -0.026186    -0.424724
   -0.467162    -0.125485    -0.424724
   -0.353760    -0.192452    -0.475748
   -0.333907    -0.211871    -0.480859
   -0.176371    -0.316327    -0.508241
   -0.263390    -0.229273    -0.508258
   -0.176357    -0.316306    -0.508258
   -0.175387    -0.339898    -0.491212
   -0.048566    -0.294104    -0.549497
   -0.102381    -0.261059    -0.563105
   -0.100426    -0.261167    -0.563408
   -0.044090    -0.276262    -0.563408
   -0.000209    -0.229268    -0.594812
    0.172624    -0.291677    -0.515381
    0.000379    -0.228253    -0.595439
    0.013507    -0.218377    -0.600084
    0.107992    -0.193060    -0.600084
    0.113426    -0.192759    -0.599241
    0.149193    -0.219471    -0.572722
    0.174089    -0.256580    -0.540736
    0.288456    -0.266288    -0.476730
    0.180937    -0.187727    -0.572722
    0.287878    -0.259471    -0.480545
    0.340799    -0.257261    -0.442314
    0.175859    -0.180927    -0.577764
    0.202823    -0.080296    -0.577764
    0.158823    -0.080296    -0.601282
    0.155377    -0.034968    -0.596632
    0.148422    -0.018175    -0.596632
    0.145510     0.034428    -0.588462
    0.215122     0.330092    -0.469879
    0.131172     0.209231    -0.537237
    0.097552     0.288422    -0.508991
    0.089096     0.298258    -0.504945
    0.075706     0.340713    -0.484170
   -0.227283     0.167210    -0.504945
   -0.263906     0.182004    -0.491976
   -0.334433     0.252531    -0.448809
   -0.360954    -0.052291    -0.491976
   -0.443722    -0.026186    -0.451475
   -0.317365    -0.089766    -0.509908
   -0.174630    -0.150364    -0.560820
   -0.143638    -0.225185    -0.560820
   -0.101736    -0.242166    -0.571397
   -0.039540    -0.217042    -0.593421
   -0.030865    -0.217522    -0.594768
   -0.006158    -0.227756    -0.594768
    0.028480    -0.200962    -0.607248
    0.030576    -0.199220    -0.607879
    0.064827    -0.180232    -0.613123
    0.070569    -0.179796    -0.612534
    0.099564    -0.167786    -0.612534
    0.108795    -0.167275    -0.611100
    0.112689    -0.171168    -0.608717
    0.154584    -0.172598    -0.590329
    0.109043    -0.162791    -0.611797
    0.130194    -0.111729    -0.611797
    0.132168    -0.109353    -0.611368
    0.138672    -0.097621    -0.609572
    0.134672    -0.067451    -0.606994
    0.122624    -0.055403    -0.606994
    0.122624     0.012580    -0.595817
    0.131172     0.030428    -0.591477
   -0.148234     0.088160    -0.538857
    0.122158    -0.057263    -0.607224
    0.003394    -0.176027    -0.607224
   -0.028095    -0.176027    -0.602046
   -0.081676    -0.150364    -0.589017
    0.008718    -0.177362    -0.607879
    0.067450    -0.177362    -0.613664
    0.086591    -0.166685    -0.614498
    0.092712    -0.165874    -0.613975
    0.106153    -0.152433    -0.613975
    0.106965    -0.146312    -0.614498
    0.122158    -0.119074    -0.613311
     1      2      3
     1      3      4
     1      4      5
     6      7      8
     6      8      9
    10     11     12
    10     12     13
    10     13     14
    10     14     15
    16      5      4
    16      4      6
    16      6      9
    16      9     10
    16     10     15
    16     15     17
    18     19     20
    18     20     21
    18     21     22
    18     22     23
    18     23     24
    20     25      1
    20      1      5
    20      5     16
    20     16     21
    26     27     25
    26     25     20
    26     20     19
     4      3     28
     4     28      7
     4      7      6
    28     29     30
    28     30      8
    28      8      7
     9      8     30
     9     30     11
     9     11     10
    14     13     31
    14     31     32
    14     32     33
    17     15     14
    17     14     33
    17     33     34
    17     34     35
    35     34     36
    35     36     37
    35     37     38
    35     38     39
    40     39     38
    40     38     41
    40     41     42
    40     42     43
    22     21     16
    22     16     17
    22     17     35
    22     35     39
    22     39     40
    44     23     22
    44     22     40
    44     40     43
    44     43     45
    44     45     46
    47     48     44
    47     44     46
    47     46     49
    47     49     50
    51     24     23
    51     23     44
    51     44     48
    51     48     52
    53     54     55
    53     55     18
    53     18     24
    53     24     51
    55     56     26
    55     26     19
    55     19     18
    57     58     56
    57     56     55
    57     55     54
    59     60      2
    59      2      1
    59      1     25
    59     25     27
    61     29     28
    61     28      3
    61      3      2
    61      2     60
    62     63     64
    62     64     65
    62     65     61
    62     61     60
    62     60     59
    65     12     11
    65     11     30
    65     30     29
    65     29     61
    64     66     31
    64     31     13
    64     13     12
    64     12     65
    31     66     67
    31     67     68
    31     68     69
    31     69     32
    33     32     69
    33     69     36
    33     36     34
    70     71     72
    70     72     73
    38     37     70
    38     70     73
    38     73     41
    41     73     72
    41     72     74
    41     74     75
    41     75     76
    41     76     77
    41     77     42
    78     77     76
    78     76     79
    78     79     80
    78     80     81
    78     81     82
    78     82     83
    43     42     77
    43     77     78
    43     78     84
    43     84     85
    43     85     45
    86     87     85
    86     85     84
    86     84     88
    86     88     89
    46     45     85
    46     85     87
    46     87     90
    46     90     49
    50     49     90
    50     90     91
    50     91     92
    50     92     93
    50     93     94
    50     94     95
    50     95     96
    97     96     95
    97     95     98
    97     98     99
    97     99    100
   101    102     47
   101     47     50
   101     50     96
   101     96     97
   103     52     48
   103     48     47
   103     47    102
   103    102    104
   105    106     53
   105     53     51
   105     51     52
   105     52    103
   107    108    109
   107    109    110
   107    110    106
   107    106    105
   110    111     57
   110     57     54
   110     54     53
   110     53    106
   109    112    113
   109    113    114
   109    114    111
   109    111    110
   114    115    116
   114    116     58
   114     58     57
   114     57    111
   116    117     62
   116     62     59
   116     59     27
   116     27     26
   116     26     56
   116     56     58
   118    119    120
   118    120    117
   118    117    116
   118    116    115
   120    121     63
   120     63     62
   120     62    117
   122    123    124
   122    124    125
   122    125    121
   122    121    120
   122    120    119
   125    126     67
   125     67     66
   125     66     64
   125     64     63
   125     63    121
   124    127    128
   124    128    129
   124    129    126
   124    126    125
    68     67    126
    68    126    129
    68    129    130
    68    130    131
    36     69     68
    36     68    131
    36    131    132
    36    132     71
    36     71     70
    36     70     37
   131    130    133
   131    133    134
   131    134    135
   131    135    136
   131    136    132
    72     71    132
    72    132    136
    72    136     74
    74    136    135
    74    135    137
    74    137    138
    74    138     75
    76     75    138
    76    138    139
    76    139    140
    76    140     79
    79    140    141
    79    141     80
    83     82    142
    83    142    143
    83    143    144
    83    144    145
    88     84     78
    88     78     83
    88     83    145
    88    145    146
    88    146    147
    88    147    148
    88    148    149
   149    148    150
   149    150    151
   149    151    152
   153     89     88
   153     88    149
   153    149    152
   153    152    154
   153    154    155
   153    155    156
    90     87     86
    90     86    157
    90    157     91
   158     94     93
   158     93    159
   158    159    160
   161    162    163
   161    163     98
   161     98     95
   161     95     94
   161     94    158
    99     98    163
    99    163    164
    99    164    165
    99    165    166
    99    166    167
    99    167    168
   169    100     99
   169     99    168
   169    168    170
   171    172    101
   171    101     97
   171     97    100
   171    100    169
   173    104    102
   173    102    101
   173    101    172
   173    172    174
   175    176    177
   175    177    107
   175    107    105
   175    105    103
   175    103    104
   175    104    173
   177    178    108
   177    108    107
   179    180    181
   179    181    182
   179    182    178
   179    178    177
   179    177    176
   182    183    112
   182    112    109
   182    109    108
   182    108    178
   181    184    185
   181    185    183
   181    183    182
   185    186    187
   185    187    188
   185    188    113
   185    113    112
   185    112    183
   113    188    189
   113    189    190
   113    190    118
   113    118    115
   113    115    114
   189    191    192
   189    192    193
   189    193    194
   189    194    190
   190    194    195
   190    195    122
   190    122    119
   190    119    118
   193    196    197
   193    197    198
   193    198    195
   193    195    194
   195    198    199
   195    199    123
   195    123    122
   197    200    201
   197    201    199
   197    199    198
   199    201    202
   199    202    203
   199    203    204
   199    204    127
   199    127    124
   199    124    123
   203    205    206
   203    206    207
   203    207    204
   204    207    208
   204    208    209
   204    209    210
   204    210    211
   204    211    212
   204    212    128
   204    128    127
   128    212    213
   128    213    214
   128    214    215
   128    215    133
   128    133    130
   128    130    129
   214    216    217
   214    217    218
   214    218    215
   133    215    218
   133    218    219
   133    219    220
   133    220    134
   220    219    221
   220    221    222
   220    222    223
   135    134    220
   135    220    223
   135    223    224
   135    224    137
   138    137    224
   138    224    225
   138    225    226
   138    226    139
   139    226    227
   139    227    228
   139    228    141
   139    141    140
    80    141    228
    80    228    229
    80    229     81
   143    230    231
   143    231    232
   143    232    144
   145    144    232
   145    232    233
   145    233    234
   145    234    235
   145    235    146
   146    235    236
   146    236    237
   146    237    147
   150    148    147
   150    147    237
   150    237    238
   150    238    239
   154    152    151
   154    151    240
   241    157     86
   241     86     89
   241     89    153
   242     92     91
   242     91    157
   242    157    241
   243    162    161
   243    161    244
   245    164    163
   245    163    162
   245    162    243
   246    167    166
   246    166    247
   246    247    248
   246    248    249
   170    168    167
   170    167    246
   170    246    250
   251    252    171
   251    171    169
   251    169    170
   251    170    250
   251    250    253
   254    174    172
   254    172    171
   254    171    252
   254    252    255
   256    257    175
   256    175    173
   256    173    174
   256    174    254
   258    259    260
   258    260    261
   258    261    179
   258    179    176
   258    176    175
   258    175    257
   260    262    263
   260    263    264
   260    264    261
   261    264    265
   261    265    266
   261    266    180
   261    180    179
   265    267    268
   265    268    266
   266    268    269
   266    269    270
   266    270    184
   266    184    181
   266    181    180
   271    272    186
   271    186    185
   271    185    184
   271    184    270
   273    274    275
   273    275    187
   273    187    186
   273    186    272
   187    275    276
   187    276    277
   187    277    191
   187    191    189
   187    189    188
   276    278    279
   276    279    280
   276    280    281
   276    281    277
   277    281    282
   277    282    283
   277    283    192
   277    192    191
   282    284    285
   282    285    286
   282    286    283
   192    283    286
   192    286    287
   192    287    196
   192    196    193
   287    288    289
   287    289    200
   287    200    197
   287    197    196
   289    290    202
   289    202    201
   289    201    200
   202    290    291
   202    291    205
   202    205    203
   206    292    293
   206    293    208
   206    208    207
   208    293    294
   208    294    295
   208    295    296
   208    296    209
   209    296    297
   209    297    298
   209    298    299
   209    299    300
   209    300    210
   210    300    301
   210    301    302
   210    302    303
   210    303    211
   211    303    304
   211    304    305
   211    305    213
   211    213    212
   213    305    306
   213    306    307
   213    307    216
   213    216    214
   307    308    309
   307    309    310
   307    310    217
   307    217    216
   218    217    310
   218    310    311
   218    311    221
   218    221    219
   222    221    311
   222    311    312
   222    312    313
   224    223    222
   224    222    313
   224    313    314
   224    314    225
   225    314    315
   225    315    316
   225    316    227
   225    227    226
   228    227    316
   228    316    317
   228    317    318
   228    318    229
    81    229    318
    81    318    319
    81    319    142
    81    142     82
   320    231    230
   320    230    321
   320    321    322
   232    231    320
   232    320    323
   232    323    233
   324    234    233
   324    233    323
   324    323    325
   324    325    326
   236    235    234
   236    234    324
   236    324    327
   238    237    236
   238    236    327
   238    327    328
   240    151    150
   240    150    239
   240    239    329
   156    155    330
    93     92    242
    93    242    331
    93    331    159
   160    159    331
   160    331    332
   333    165    164
   333    164    245
   166    165    333
   166    333    334
   166    334    247
   335    336    337
   335    337    338
   335    338    339
   253    250    246
   253    246    249
   253    249    336
   253    336    335
   340    341    251
   340    251    253
   340    253    335
   340    335    339
   340    339    342
   343    255    252
   343    252    251
   343    251    341
   344    345    256
   344    256    254
   344    254    255
   344    255    343
   344    343    346
   347    348    258
   347    258    257
   347    257    256
   347    256    345
   349    350    259
   349    259    258
   349    258    348
   351    262    260
   351    260    259
   351    259    350
   352    353    263
   352    263    262
   352    262    351
   354    267    265
   354    265    264
   354    264    263
   354    263    353
   355    269    268
   355    268    267
   355    267    354
   356    357    358
   356    358    271
   356    271    270
   356    270    269
   356    269    355
   358    359    273
   358    273    272
   358    272    271
   360    361    362
   360    362    274
   360    274    273
   360    273    359
   360    359    363
   362    364    365
   362    365    278
   362    278    276
   362    276    275
   362    275    274
   366    367    368
   366    368    365
   366    365    364
   365    368    369
   365    369    279
   365    279    278
   279    369    370
   279    370    371
   279    371    372
   279    372    280
   280    372    373
   280    373    284
   280    284    282
   280    282    281
   373    374    375
   373    375    376
   373    376    285
   373    285    284
   286    285    376
   286    376    377
   286    377    288
   286    288    287
   377    378    291
   377    291    290
   377    290    289
   377    289    288
   379    380    292
   379    292    206
   379    206    205
   379    205    291
   379    291    378
   294    293    292
   294    292    380
   294    380    381
   382    297    296
   382    296    295
   382    295    383
   384    385    298
   384    298    297
   384    297    382
   298    385    386
   298    386    387
   298    387    388
   298    388    299
   299    388    389
   299    389    390
   299    390    391
   299    391    392
   299    392    301
   299    301    300
   301    392    393
   301    393    394
   301    394    302
   302    394    395
   302    395    396
   302    396    304
   302    304    303
   304    396    397
   304    397    398
   304    398    306
   304    306    305
   306    398    399
   306    399    308
   306    308    307
   400    309    308
   400    308    399
   400    399    401
   400    401    402
   311    310    309
   311    309    400
   311    400    403
   311    403    312
   404    403    400
   404    400    402
   404    402    405
   313    312    403
   313    403    404
   313    404    406
   313    406    315
   313    315    314
   316    315    406
   316    406    407
   316    407    408
   316    408    409
   316    409    317
   318    317    409
   318    409    410
   318    410    319
   142    319    410
   142    410    411
   142    411    412
   142    412    413
   142    413    321
   142    321    230
   142    230    143
   414    322    321
   414    321    413
   414    413    415
   325    323    320
   325    320    322
   325    322    414
   325    414    416
   417    416    414
   417    414    415
   417    415    418
   417    418    419
   417    419    420
   421    326    325
   421    325    416
   421    416    417
   422    423    421
   422    421    417
   422    417    420
   422    420    424
   328    327    324
   328    324    326
   328    326    421
   328    421    423
   329    239    238
   329    238    328
   329    328    423
   329    423    422
   329    422    425
   426    330    155
   426    155    154
   426    154    240
   426    240    329
   426    329    425
   426    425    427
   332    331    242
   332    242    241
   332    241    153
   332    153    156
   332    156    330
   332    330    426
   332    426    428
   429    244    161
   429    161    158
   429    158    160
   429    160    332
   429    332    428
   429    428    430
   429    430    431
   432    334    333
   432    333    245
   432    245    243
   432    243    244
   432    244    429
   433    248    247
   433    247    334
   433    334    432
   249    248    433
   249    433    434
   249    434    337
   249    337    336
   435    436    437
   435    437    438
   342    339    338
   342    338    439
   342    439    436
   342    436    435
   440    441    340
   440    340    342
   440    342    435
   440    435    438
   440    438    442
   443    346    343
   443    343    341
   443    341    340
   443    340    441
   444    445    446
   444    446    344
   444    344    346
   444    346    443
   446    447    448
   446    448    449
   446    449    347
   446    347    345
   446    345    344
   448    450    451
   448    451    452
   448    452    453
   448    453    449
   449    453    454
   449    454    349
   449    349    348
   449    348    347
   452    455    456
   452    456    457
   452    457    454
   452    454    453
   454    457    458
   454    458    352
   454    352    351
   454    351    350
   454    350    349
   456    459    460
   456    460    461
   456    461    462
   456    462    458
   456    458    457
   458    462    356
   458    356    355
   458    355    354
   458    354    353
   458    353    352
   461    463    357
   461    357    356
   461    356    462
   464    363    359
   464    359    358
   464    358    357
   464    357    463
   465    466    467
   465    467    360
   465    360    363
   465    363    464
   467    468    469
   467    469    470
   467    470    361
   467    361    360
   470    471    366
   470    366    364
   470    364    362
   470    362    361
   469    472    473
   469    473    474
   469    474    475
   469    475    476
   469    476    471
   469    471    470
   476    477    367
   476    367    366
   476    366    471
   475    478    479
   475    479    477
   475    477    476
   479    370    369
   479    369    368
   479    368    367
   479    367    477
   480    481    371
   480    371    370
   480    370    479
   480    479    478
   371    481    482
   371    482    374
   371    374    373
   371    373    372
   483    484    375
   483    375    374
   483    374    482
   483    482    485
   376    375    484
   376    484    486
   376    486    379
   376    379    378
   376    378    377
   487    381    380
   487    380    379
   487    379    486
   488    383    295
   488    295    294
   488    294    381
   488    381    487
   489    490    384
   489    384    382
   489    382    383
   489    383    488
   491    386    385
   491    385    384
   491    384    490
   492    493    494
   492    494    387
   492    387    386
   492    386    491
   495    494    493
   495    493    496
   495    496    497
   498    389    388
   498    388    387
   498    387    494
   498    494    495
   498    495    499
   500    391    390
   500    390    498
   500    498    499
   500    499    501
   502    393    392
   502    392    391
   502    391    500
   503    395    394
   503    394    393
   503    393    502
   503    502    504
   505    506    507
   505    507    397
   505    397    396
   505    396    395
   505    395    503
   507    506    508
   507    508    509
   401    399    398
   401    398    397
   401    397    507
   401    507    509
   401    509    510
   510    509    508
   510    508    511
   510    511    512
   510    512    513
   405    402    401
   405    401    510
   405    510    513
   405    513    514
   514    513    512
   514    512    515
   514    515    516
   407    406    404
   407    404    405
   407    405    514
   407    514    516
   407    516    517
   518    408    407
   518    407    517
   518    517    519
   518    519    520
   518    520    521
   410    409    408
   410    408    518
   410    518    522
   410    522    411
   412    411    522
   412    522    523
   412    523    524
   412    524    525
   526    527    525
   526    525    524
   526    524    528
   415    413    412
   415    412    525
   415    525    527
   415    527    529
   415    529    418
   529    527    526
   529    526    530
   529    530    531
   419    418    529
   419    529    531
   419    531    532
   532    531    530
   532    530    533
   532    533    534
   424    420    419
   424    419    532
   424    532    534
   424    534    535
   535    534    533
   535    533    536
   535    536    537
   535    537    538
   535    538    539
   427    425    422
   427    422    424
   427    424    535
   427    535    539
   427    539    540
   540    539    538
   540    538    541
   540    541    542
   540    542    543
   430    428    426
   430    426    427
   430    427    540
   430    540    543
   430    543    544
   545    431    430
   545    430    544
   545    544    546
   545    546    547
   545    547    548
   545    548    549
   545    549    550
   551    434    433
   551    433    432
   551    432    429
   551    429    431
   551    431    545
   552    553    551
   552    551    545
   552    545    550
   552    550    554
   552    554    555
   338    337    434
   338    434    551
   338    551    553
   338    553    439
   437    436    439
   437    439    553
   437    553    552
   437    552    556
   442    438    437
   442    437    556
   442    556    557
   558    440    442
   558    442    557
   558    557    559
   558    559    560
   558    561    444
   558    444    443
   558    443    441
   558    441    440
   562    563    564
   562    564    445
   562    445    444
   562    444    561
   564    565    566
   564    566    447
   564    447    446
   564    446    445
   567    568    450
   567    450    448
   567    448    447
   567    447    566
   569    570    451
   569    451    450
   569    450    568
   571    572    573
   571    573    574
   571    574    570
   571    570    569
   451    570    574
   451    574    575
   451    575    455
   451    455    452
   573    576    577
   573    577    578
   573    578    575
   573    575    574
   575    578    459
   575    459    456
   575    456    455
   577    579    580
   577    580    581
   577    581    460
   577    460    459
   577    459    578
   460    581    582
   460    582    465
   460    465    464
   460    464    463
   460    463    461
   582    583    584
   582    584    585
   582    585    466
   582    466    465
   585    586    587
   585    587    468
   585    468    467
   585    467    466
   587    588    472
   587    472    469
   587    469    468
   589    590    591
   589    591    592
   589    592    588
   589    588    587
   589    587    586
   592    593    473
   592    473    472
   592    472    588
   591    594    595
   591    595    593
   591    593    592
   473    593    595
   473    595    596
   473    596    474
   597    596    595
   597    595    594
   597    594    598
   597    598    599
   474    596    597
   474    597    600
   474    600    480
   474    480    478
   474    478    475
   601    602    600
   601    600    597
   601    597    599
   601    599    603
   601    603    604
   485    482    481
   485    481    480
   485    480    600
   485    600    602
   605    606    607
   605    607    483
   605    483    485
   605    485    602
   605    602    601
   605    601    608
   607    609    489
   607    489    488
   607    488    487
   607    487    486
   607    486    484
   607    484    483
   610    611    612
   610    612    613
   610    613    609
   610    609    607
   610    607    606
   613    614    492
   613    492    491
   613    491    490
   613    490    489
   613    489    609
   612    615    616
   612    616    617
   612    617    614
   612    614    613
   617    618    496
   617    496    493
   617    493    492
   617    492    614
   497    496    618
   497    618    619
   620    619    618
   620    618    617
   620    617    616
   620    616    621
   620    621    622
   501    499    495
   501    495    497
   501    497    619
   501    619    620
   501    620    623
   624    623    620
   624    620    622
   624    622    625
   624    625    626
   627    504    502
   627    502    500
   627    500    501
   627    501    623
   627    623    624
   628    629    505
   628    505    503
   628    503    504
   628    504    627
   628    627    630
   511    508    506
   511    506    505
   511    505    629
   511    629    631
   632    631    629
   632    629    628
   632    628    633
   632    633    634
   515    512    511
   515    511    631
   515    631    632
   515    632    635
   636    635    632
   636    632    634
   636    634    637
   636    637    638
   636    638    639
   517    516    515
   517    515    635
   517    635    636
   517    636    640
   517    640    519
   641    640    636
   641    636    639
   641    639    642
   641    642    643
   641    643    644
   520    519    640
   520    640    641
   520    641    645
   646    647    521
   646    521    520
   646    520    645
   646    645    648
   646    648    649
   523    522    518
   523    518    521
   523    521    647
   523    647    650
   528    524    523
   528    523    650
   528    650    651
   528    651    652
   652    651    653
   652    653    654
   652    654    655
   652    655    656
   533    530    526
   533    526    528
   533    528    652
   533    652    656
   533    656    657
   533    657    536
   656    655    658
   656    658    659
   656    659    657
   536    657    659
   536    659    660
   536    660    537
   660    659    658
   660    658    661
   660    661    662
   660    662    663
   538    537    660
   538    660    663
   538    663    664
   538    664    541
   542    541    664
   542    664    665
   542    665    666
   542    666    667
   544    543    542
   544    542    667
   544    667    668
   544    668    546
   546    668    669
   546    669    670
   546    670    671
   546    671    672
   546    672    547
   547    672    673
   547    673    674
   547    674    548
   675    549    548
   675    548    674
   675    674    676
   675    676    677
   550    549    675
   550    675    678
   550    678    679
   550    679    554
   555    554    679
   555    679    680
   555    680    681
   557    556    552
   557    552    555
   557    555    681
   557    681    559
   559    681    680
   559    680    682
   559    682    683
   559    683    560
   560    683    684
   560    684    562
   560    562    561
   560    561    558
   685    565    564
   685    564    563
   686    687    567
   686    567    566
   686    566    565
   686    565    685
   688    689    571
   688    571    569
   688    569    568
   688    568    567
   688    567    687
   690    691    572
   690    572    571
   690    571    689
   692    693    576
   692    576    573
   692    573    572
   692    572    691
   694    695    696
   694    696    693
   694    693    692
   696    697    579
   696    579    577
   696    577    576
   696    576    693
   698    699    580
   698    580    579
   698    579    697
   698    697    700
   580    699    701
   580    701    702
   580    702    583
   580    583    582
   580    582    581
   702    703    704
   702    704    584
   702    584    583
   584    704    705
   584    705    706
   584    706    707
   584    707    708
   584    708    589
   584    589    586
   584    586    585
   708    709    710
   708    710    590
   708    590    589
   711    712    713
   711    713    714
   711    714    710
   711    710    709
   710    714    715
   710    715    598
   710    598    594
   710    594    591
   710    591    590
   716    717    715
   716    715    714
   716    714    713
   599    598    715
   599    715    717
   599    717    718
   599    718    603
   718    717    716
   718    716    719
   718    719    720
   718    720    721
   604    603    718
   604    718    721
   604    721    722
   604    722    723
   604    723    724
   725    726    608
   725    608    601
   725    601    604
   725    604    724
   725    724    727
   725    727    728
   729    730    731
   729    731    732
   729    732    733
   729    733    605
   729    605    608
   729    608    726
   729    726    734
   729    734    735
   733    736    737
   733    737    738
   733    738    739
   733    739    610
   733    610    606
   733    606    605
   739    740    741
   739    741    742
   739    742    743
   739    743    611
   739    611    610
   742    744    745
   742    745    746
   742    746    743
   743    746    747
   743    747    615
   743    615    612
   743    612    611
   747    748    621
   747    621    616
   747    616    615
   749    748    747
   749    747    746
   749    746    745
   749    745    750
   622    621    748
   622    748    749
   622    749    751
   622    751    625
   626    625    751
   626    751    752
   626    752    753
   754    630    627
   754    627    624
   754    624    626
   754    626    753
   754    753    755
   756    633    628
   756    628    630
   756    630    754
   756    754    757
   758    637    634
   758    634    633
   758    633    756
   759    760    638
   759    638    637
   759    637    758
   639    638    760
   639    760    761
   639    761    642
   642    761    762
   642    762    763
   642    763    764
   642    764    643
   644    643    764
   644    764    765
   644    765    766
   767    648    645
   767    645    641
   767    641    644
   767    644    766
   767    766    768
   649    648    767
   649    767    769
   650    647    646
   650    646    770
   650    770    653
   650    653    651
   771    654    653
   771    653    770
   771    770    772
   771    772    773
   771    773    774
   658    655    654
   658    654    771
   658    771    661
   662    661    771
   662    771    774
   662    774    775
   664    663    662
   664    662    775
   664    775    776
   664    776    665
   665    776    777
   665    777    778
   665    778    779
   665    779    666
   667    666    779
   667    779    780
   667    780    669
   667    669    668
   669    780    781
   669    781    782
   669    782    783
   669    783    670
   670    783    784
   670    784    785
   670    785    786
   670    786    671
   673    672    671
   673    671    786
   673    786    787
   673    787    788
   673    788    789
   676    674    673
   676    673    789
   676    789    790
   791    678    675
   791    675    677
   791    677    792
   680    679    678
   680    678    791
   680    791    682
   683    682    791
   683    791    792
   683    792    793
   683    793    794
   683    794    684
   684    794    795
   684    795    686
   684    686    685
   684    685    563
   684    563    562
   795    796    797
   795    797    688
   795    688    687
   795    687    686
   797    798    799
   797    799    690
   797    690    689
   797    689    688
   799    800    694
   799    694    692
   799    692    691
   799    691    690
   801    802    695
   801    695    694
   801    694    800
   801    800    803
   804    700    697
   804    697    696
   804    696    695
   804    695    802
   805    806    698
   805    698    700
   805    700    804
   805    804    807
   808    809    701
   808    701    699
   808    699    698
   808    698    806
   810    811    703
   810    703    702
   810    702    701
   810    701    809
   812    705    704
   812    704    703
   812    703    811
   812    811    813
   707    814    711
   707    711    709
   707    709    708
   815    712    711
   815    711    814
   815    814    816
   817    719    716
   817    716    713
   817    713    712
   817    712    815
   818    720    719
   818    719    817
   818    817    819
   722    721    720
   722    720    818
   722    818    820
   724    723    821
   724    821    822
   724    822    727
   734    726    725
   823    824    732
   823    732    731
   823    731    825
   732    824    736
   732    736    733
   826    741    740
   826    740    827
   826    827    828
   829    744    742
   829    742    741
   829    741    826
   830    831    750
   830    750    745
   830    745    744
   830    744    829
   832    831    830
   832    830    833
   752    751    749
   752    749    750
   752    750    831
   752    831    832
   752    832    834
   752    834    835
   755    753    752
   755    752    835
   755    835    836
   755    836    837
   838    757    754
   838    754    755
   838    755    837
   838    837    839
   840    841    759
   840    759    758
   840    758    756
   840    756    757
   840    757    838
   762    761    760
   762    760    759
   762    759    841
   842    763    762
   842    762    841
   842    841    840
   842    840    843
   765    764    763
   765    763    842
   765    842    844
   768    766    765
   768    765    844
   768    844    845
   768    845    846
   847    769    767
   847    767    768
   847    768    846
   847    846    848
   772    770    646
   772    646    649
   772    649    769
   772    769    847
   772    847    849
   850    773    772
   850    772    849
   850    849    851
   850    851    852
   850    852    853
   775    774    773
   775    773    850
   775    850    777
   775    777    776
   854    778    777
   854    777    850
   854    850    853
   854    853    855
   854    855    856
   779    778    854
   779    854    781
   779    781    780
   857    782    781
   857    781    854
   857    854    856
   857    856    858
   784    783    782
   784    782    857
   784    857    859
   860    785    784
   860    784    859
   860    859    861
   787    786    785
   787    785    860
   787    860    862
   790    789    788
   790    788    863
   792    677    676
   792    676    790
   792    790    863
   792    863    864
   792    864    793
   793    864    865
   793    865    866
   793    866    867
   793    867    796
   793    796    795
   793    795    794
   867    868    869
   867    869    870
   867    870    871
   867    871    798
   867    798    797
   867    797    796
   871    803    800
   871    800    799
   871    799    798
   870    872    873
   870    873    801
   870    801    803
   870    803    871
   873    807    804
   873    804    802
   873    802    801
   874    875    805
   874    805    807
   874    807    873
   874    873    872
   876    877    808
   876    808    806
   876    806    805
   876    805    875
   878    879    810
   878    810    809
   878    809    808
   878    808    877
   813    811    810
   813    810    879
   813    879    880
   881    816    814
   881    814    707
   881    707    706
   882    819    817
   882    817    815
   882    815    816
   882    816    881
   882    881    883
   884    820    818
   884    818    819
   884    819    882
   885    821    723
   885    723    722
   885    722    820
   885    820    884
   728    727    822
   728    822    886
   887    888    730
   887    730    729
   825    731    730
   825    730    888
   825    888    889
   890    827    740
   890    740    739
   890    739    738
   891    828    827
   891    827    890
   892    833    830
   892    830    829
   892    829    826
   892    826    828
   892    828    891
   892    891    893
   894    834    832
   894    832    833
   894    833    892
   836    835    834
   836    834    894
   836    894    895
   836    895    896
   839    837    836
   839    836    896
   839    896    897
   839    897    898
   899    900    843
   899    843    840
   899    840    838
   899    838    839
   899    839    898
   899    898    901
   902    900    899
   902    899    903
   902    903    904
   845    844    842
   845    842    843
   845    843    900
   845    900    902
   845    902    905
   906    905    902
   906    902    904
   906    904    907
   906    907    908
   848    846    845
   848    845    905
   848    905    906
   851    849    847
   851    847    848
   851    848    906
   851    906    908
   851    908    909
   910    852    851
   910    851    909
   910    909    911
   910    911    912
   910    912    913
   855    853    852
   855    852    910
   855    910    914
   915    914    910
   915    910    913
   915    913    916
   915    916    917
   858    856    855
   858    855    914
   858    914    915
   858    915    918
   919    918    915
   919    915    917
   919    917    920
   861    859    857
   861    857    858
   861    858    918
   861    918    919
   865    862    860
   865    860    861
   865    861    919
   865    919    920
   865    920    921
   865    921    866
   863    788    787
   863    787    862
   863    862    865
   863    865    864
   922    923    924
   922    924    925
   922    925    869
   922    869    868
   924    926    927
   924    927    928
   924    928    929
   924    929    930
   924    930    931
   924    931    925
   869    925    931
   869    931    932
   869    932    874
   869    874    872
   869    872    870
   931    930    933
   931    933    934
   931    934    935
   931    935    932
   932    935    876
   932    876    875
   932    875    874
   934    936    937
   934    937    878
   934    878    877
   934    877    876
   934    876    935
   937    880    879
   937    879    878
   938    883    881
   938    881    706
   938    706    705
   938    705    812
   939    940    885
   939    885    884
   939    884    882
   939    882    883
   939    883    938
   886    822    821
   886    821    885
   886    885    940
   941    735    734
   941    734    725
   941    725    728
   941    728    886
   941    886    940
   941    940    939
   941    939    942
   943    889    888
   943    888    887
   943    887    944
   945    737    736
   945    736    824
   945    824    823
   946    893    891
   946    891    890
   946    890    738
   946    738    737
   946    737    945
   947    895    894
   947    894    892
   947    892    893
   947    893    946
   897    896    895
   897    895    947
   897    947    948
   897    948    949
   901    898    897
   901    897    949
   901    949    950
   901    950    951
   952    903    899
   952    899    901
   952    901    951
   952    951    953
   952    953    954
   907    904    903
   907    903    952
   907    952    955
   956    955    952
   956    952    954
   956    954    957
   956    957    958
   956    958    959
   909    908    907
   909    907    955
   909    955    956
   909    956    911
   912    911    956
   912    956    959
   912    959    960
   912    960    961
   961    960    962
   961    962    963
   961    963    964
   961    964    965
   961    965    966
   961    966    967
   916    913    912
   916    912    961
   916    961    967
   916    967    968
   968    967    966
   968    966    969
   968    969    970
   920    917    916
   920    916    968
   920    968    970
   920    970    971
   920    971    921
   971    970    969
   971    969    972
   971    972    973
   971    973    923
   971    923    922
   866    921    971
   866    971    922
   866    922    868
   866    868    867
   973    974    975
   973    975    926
   973    926    924
   973    924    923
   975    976    977
   975    977    927
   975    927    926
   929    978    933
   929    933    930
   928    979    980
   928    980    978
   928    978    929
   933    978    980
   933    980    981
   933    981    982
   933    982    936
   933    936    934
   982    942    939
   982    939    938
   982    938    812
   982    812    813
   982    813    880
   982    880    937
   982    937    936
   981    983    984
   981    984    985
   981    985    941
   981    941    942
   981    942    982
   985    944    887
   985    887    729
   985    729    735
   985    735    941
   984    986    987
   984    987    943
   984    943    944
   984    944    985
   987    948    947
   987    947    946
   987    946    945
   987    945    823
   987    823    825
   987    825    889
   987    889    943
   988    950    949
   988    949    948
   988    948    987
   988    987    986
   951    950    988
   951    988    989
   951    989    990
   951    990    953
   954    953    990
   954    990    991
   954    991    957
   957    991    992
   957    992    993
   957    993    994
   957    994    958
   959    958    994
   959    994    962
   959    962    960
   963    995    996
   963    996    997
   963    997    998
   963    998    964
   965    964    998
   965    998    999
   965    999   1000
   965   1000   1001
   969    966    965
   969    965   1001
   969   1001   1002
   969   1002    972
  1001   1000   1003
  1001   1003   1004
  1001   1004   1005
  1001   1005   1002
   972   1002   1005
   972   1005   1006
   972   1006    974
   972    974    973
  1006   1007    976
  1006    976    975
  1006    975    974
  1008   1009   1010
  1008   1010    977
  1008    977    976
  1008    976   1007
   927    977   1010
   927   1010    979
   927    979    928
  1010   1009   1011
  1010   1011    983
  1010    983    981
  1010    981    980
  1010    980    979
  1012   1013   1014
  1012   1014   1015
  1012   1015   1011
  1012   1011   1009
  1012   1009   1008
  1015    989    988
  1015    988    986
  1015    986    984
  1015    984    983
  1015    983   1011
  1014    992    991
  1014    991    990
  1014    990    989
  1014    989   1015
   993    992   1014
   993   1014   1013
   993   1013   1016
   993   1016    996
   993    996    995
   962    994    993
   962    993    995
   962    995    963
   998    997   1017
   998   1017   1018
   998   1018   1019
   998   1019    999
   999   1019   1020
   999   1020   1003
   999   1003   1000
  1003   1020   1021
  1003   1021   1022
  1003   1022   1004
  1005   1004   1022
  1005   1022   1012
  1005   1012   1008
  1005   1008   1007
  1005   1007   1006
  1022   1021   1018
  1022   1018   1017
  1022   1017   1016
  1022   1016   1013
  1022   1013   1012
   996   1016   1017
   996   1017    997
  1018   1021   1020
  1018   1020   1019
   390    389    498
